3	1000	
3	0	29
3	29	73
3	102	85
3	187	22
3	209	19
3	228	5
3	233	77
3	310	77
3	387	11
3	398	8
3	406	14
3	420	6
3	426	12
3	438	1
3	439	53
3	492	3
3	495	59
3	554	48
3	602	28
3	630	10
3	640	52
3	692	55
3	747	109
3	856	13
3	869	29
3	898	4
3	902	23
3	925	36
3	961	74
3	1035	15
3	1050	10
3	1060	4
3	1064	55
3	1119	33
3	1152	31
3	1183	20
3	1203	36
3	1239	26
3	1265	3
3	1268	20
3	1288	33
3	1321	63
3	1384	22
3	1406	81
3	1487	94
3	1581	29
3	1610	25
3	1635	23
3	1658	65
3	1723	18
3	1741	15
3	1756	60
3	1816	33
3	1849	72
3	1921	1
3	1922	43
3	1965	7
3	1972	46
3	2018	33
3	2051	7
3	2058	20
3	2078	20
3	2098	45
3	2143	25
3	2168	61
3	2229	44
3	2273	9
3	2282	28
3	2310	3
3	2313	9
3	2322	124
3	2446	129
3	2575	4
3	2579	30
3	2609	7
3	2616	6
3	2622	55
3	2677	67
3	2744	16
3	2760	20
3	2780	3
3	2783	24
3	2807	5
3	2812	46
3	2858	59
3	2917	18
3	2935	30
3	2965	53
3	3018	60
3	3078	1
3	3079	77
3	3156	6
3	3162	50
3	3212	23
3	3235	100
3	3335	8
3	3343	87
3	3430	4
3	3434	30
3	3464	58
3	3522	30
3	3552	35
3	3587	30
3	3617	29
3	3646	20
3	3666	35
3	3701	31
3	3732	26
3	3758	75
3	3833	80
3	3913	53
3	3966	27
3	3993	32
3	4025	24
3	4049	6
3	4055	82
3	4137	64
3	4201	15
3	4216	13
3	4229	31
3	4260	24
3	4284	3
3	4287	106
3	4393	65
3	4458	86
3	4544	8
3	4552	5
3	4557	8
3	4565	12
3	4577	19
3	4596	3
3	4599	13
3	4612	57
3	4669	50
3	4719	32
3	4751	31
3	4782	37
3	4819	24
3	4843	61
3	4904	137
3	5041	8
3	5049	7
3	5056	52
3	5108	17
3	5125	81
3	5206	151
3	5357	57
3	5414	35
3	5449	6
3	5455	4
3	5459	29
3	5488	4
3	5492	73
3	5565	4
3	5569	55
3	5624	58
3	5682	22
3	5704	35
3	5739	15
3	5754	5
3	5759	3
3	5762	42
3	5804	2
3	5806	16
3	5822	3
3	5825	5
3	5830	37
3	5867	114
3	5981	40
3	6021	10
3	6031	3
3	6034	54
3	6088	16
3	6104	25
3	6129	261
3	6390	11
3	6401	14
3	6415	86
3	6501	7
3	6508	10
3	6518	5
3	6523	29
3	6552	31
3	6583	171
3	6754	2
3	6756	11
3	6767	23
3	6790	24
3	6814	33
3	6847	57
3	6904	6
3	6910	235
3	7145	4
3	7149	35
3	7184	39
3	7223	43
3	7266	64
3	7330	25
3	7355	10
3	7365	36
3	7401	11
3	7412	21
3	7433	23
3	7456	50
3	7506	52
3	7558	8
3	7566	5
3	7571	35
3	7606	15
3	7621	5
3	7626	20
3	7646	54
3	7700	10
3	7710	89
3	7799	12
3	7811	6
3	7817	21
3	7838	43
3	7881	15
3	7896	9
3	7905	38
3	7943	18
3	7961	124
3	8085	8
3	8093	32
3	8125	27
3	8152	24
3	8176	35
3	8211	34
3	8245	46
3	8291	6
3	8297	116
3	8413	43
3	8456	82
3	8538	60
3	8598	32
3	8630	49
3	8679	101
3	8780	67
3	8847	3
3	8850	3
3	8853	47
3	8900	14
3	8914	52
3	8966	77
3	9043	88
3	9131	36
3	9167	79
3	9246	28
3	9274	1
3	9275	20
3	9295	16
3	9311	33
3	9344	67
3	9411	65
3	9476	67
3	9543	16
3	9559	74
3	9633	79
3	9712	36
3	9748	17
3	9765	26
3	9791	38
3	9829	11
3	9840	66
3	9906	16
3	9922	16
3	9938	48
3	9986	26
3	10012	77
3	10089	71
3	10160	148
3	10308	67
3	10375	17
3	10392	35
3	10427	52
3	10479	23
3	10502	49
3	10551	47
3	10598	11
3	10609	14
3	10623	156
3	10779	113
3	10892	22
3	10914	1
3	10915	79
3	10994	2
3	10996	127
3	11123	2
3	11125	12
3	11137	1
3	11138	17
3	11155	17
3	11172	25
3	11197	15
3	11212	13
3	11225	8
3	11233	129
3	11362	10
3	11372	56
3	11428	5
3	11433	142
3	11575	21
3	11596	54
3	11650	5
3	11655	15
3	11670	36
3	11706	47
3	11753	2
3	11755	39
3	11794	161
3	11955	60
3	12015	46
3	12061	25
3	12086	7
3	12093	25
3	12118	6
3	12124	18
3	12142	37
3	12179	15
3	12194	48
3	12242	2
3	12244	59
3	12303	3
3	12306	3
3	12309	14
3	12323	62
3	12385	2
3	12387	11
3	12398	7
3	12405	28
3	12433	51
3	12484	18
3	12502	3
3	12505	87
3	12592	6
3	12598	18
3	12616	2
3	12618	19
3	12637	5
3	12642	40
3	12682	18
3	12700	126
3	12826	40
3	12866	27
3	12893	35
3	12928	34
3	12962	30
3	12992	33
3	13025	27
3	13052	17
3	13069	29
3	13098	9
3	13107	12
3	13119	35
3	13154	124
3	13278	11
3	13289	12
3	13301	11
3	13312	130
3	13442	38
3	13480	95
3	13575	124
3	13699	2
3	13701	23
3	13724	3
3	13727	18
3	13745	38
3	13783	48
3	13831	56
3	13887	15
3	13902	38
3	13940	18
3	13958	39
3	13997	9
3	14006	39
3	14045	14
3	14059	3
3	14062	83
3	14145	8
3	14153	7
3	14160	36
3	14196	37
3	14233	45
3	14278	33
3	14311	40
3	14351	2
3	14353	18
3	14371	26
3	14397	2
3	14399	3
3	14402	32
3	14434	9
3	14443	12
3	14455	16
3	14471	3
3	14474	30
3	14504	9
3	14513	7
3	14520	14
3	14534	33
3	14567	27
3	14594	2
3	14596	5
3	14601	67
3	14668	19
3	14687	55
3	14742	5
3	14747	6
3	14753	12
3	14765	6
3	14771	26
3	14797	30
3	14827	70
3	14897	73
3	14970	1
3	14971	78
3	15049	92
3	15141	63
3	15204	24
3	15228	42
3	15270	61
3	15331	30
3	15361	22
3	15383	53
3	15436	28
3	15464	3
3	15467	47
3	15514	29
3	15543	6
3	15549	26
3	15575	14
3	15589	25
3	15614	144
3	15758	7
3	15765	80
3	15845	33
3	15878	31
3	15909	13
3	15922	64
3	15986	40
3	16026	18
3	16044	57
3	16101	24
3	16125	28
3	16153	12
3	16165	25
3	16190	1
3	16191	10
3	16201	108
3	16309	57
3	16366	80
3	16446	12
3	16458	22
3	16480	41
3	16521	4
3	16525	53
3	16578	11
3	16589	38
3	16627	8
3	16635	7
3	16642	1
3	16643	23
3	16666	22
3	16688	8
3	16696	38
3	16734	100
3	16834	24
3	16858	16
3	16874	24
3	16898	39
3	16937	5
3	16942	1
3	16943	19
3	16962	24
3	16986	4
3	16990	9
3	16999	28
3	17027	13
3	17040	12
3	17052	35
3	17087	62
3	17149	108
3	17257	5
3	17262	4
3	17266	3
3	17269	17
3	17286	17
3	17303	2
3	17305	55
3	17360	50
3	17410	125
3	17535	8
3	17543	7
3	17550	16
3	17566	37
3	17603	40
3	17643	108
3	17751	88
3	17839	70
3	17909	18
3	17927	61
3	17988	71
3	18059	22
3	18081	35
3	18116	95
3	18211	19
3	18230	1
3	18231	13
3	18244	21
3	18265	13
3	18278	43
3	18321	22
3	18343	31
3	18374	13
3	18387	27
3	18414	3
3	18417	41
3	18458	46
3	18504	2
3	18506	90
3	18596	31
3	18627	2
3	18629	41
3	18670	26
3	18696	13
3	18709	11
3	18720	46
3	18766	12
3	18778	8
3	18786	34
3	18820	41
3	18861	17
3	18878	36
3	18914	12
3	18926	36
3	18962	24
3	18986	14
3	19000	3
3	19003	24
3	19027	3
3	19030	61
3	19091	14
3	19105	53
3	19158	14
3	19172	10
3	19182	19
3	19201	29
3	19230	29
3	19259	38
3	19297	10
3	19307	27
3	19334	21
3	19355	23
3	19378	24
3	19402	44
3	19446	116
3	19562	2
3	19564	10
3	19574	96
3	19670	1
3	19671	87
3	19758	25
3	19783	45
3	19828	10
3	19838	2
3	19840	34
3	19874	36
3	19910	82
3	19992	1
3	19993	22
3	20015	1
3	20016	80
3	20096	87
3	20183	42
3	20225	32
3	20257	12
3	20269	40
3	20309	51
3	20360	137
3	20497	7
3	20504	73
3	20577	4
3	20581	90
3	20671	100
3	20771	25
3	20796	124
3	20920	77
3	20997	22
3	21019	6
3	21025	18
3	21043	7
3	21050	2
3	21052	40
3	21092	4
3	21096	16
3	21112	8
3	21120	14
3	21134	4
3	21138	38
3	21176	20
3	21196	58
3	21254	11
3	21265	10
3	21275	7
3	21282	16
3	21298	43
3	21341	63
3	21404	34
3	21438	23
3	21461	5
3	21466	222
3	21688	89
3	21777	32
3	21809	42
3	21851	21
3	21872	2
3	21874	18
3	21892	50
3	21942	99
3	22041	14
3	22055	129
3	22184	13
3	22197	49
3	22246	16
3	22262	23
3	22285	2
3	22287	5
3	22292	100
3	22392	17
3	22409	9
3	22418	9
3	22427	42
3	22469	9
3	22478	32
3	22510	34
3	22544	2
3	22546	40
3	22586	39
3	22625	47
3	22672	28
3	22700	34
3	22734	4
3	22738	18
3	22756	92
3	22848	4
3	22852	5
3	22857	43
3	22900	53
3	22953	7
3	22960	126
3	23086	71
3	23157	3
3	23160	4
3	23164	37
3	23201	33
3	23234	35
3	23269	37
3	23306	77
3	23383	7
3	23390	17
3	23407	11
3	23418	47
3	23465	15
3	23480	117
3	23597	9
3	23606	10
3	23616	5
3	23621	7
3	23628	114
3	23742	8
3	23750	30
3	23780	10
3	23790	29
3	23819	47
3	23866	119
3	23985	16
3	24001	16
3	24017	17
3	24034	20
3	24054	85
3	24139	26
3	24165	33
3	24198	15
3	24213	5
3	24218	16
3	24234	7
3	24241	19
3	24260	2
3	24262	238
3	24500	22
3	24522	40
3	24562	3
3	24565	1
3	24566	1
3	24567	1
3	24568	22
3	24590	27
3	24617	10
3	24627	1
3	24628	63
3	24691	43
3	24734	54
3	24788	69
3	24857	26
3	24883	16
3	24899	57
3	24956	49
3	25005	1
3	25006	10
3	25016	7
3	25023	51
3	25074	27
3	25101	9
3	25110	32
3	25142	36
3	25178	11
3	25189	3
3	25192	42
3	25234	7
3	25241	31
3	25272	35
3	25307	16
3	25323	29
3	25352	6
3	25358	6
3	25364	20
3	25384	20
3	25404	76
3	25480	45
3	25525	8
3	25533	37
3	25570	62
3	25632	52
3	25684	55
3	25739	48
3	25787	6
3	25793	8
3	25801	2
3	25803	10
3	25813	73
3	25886	72
3	25958	5
3	25963	12
3	25975	43
3	26018	33
3	26051	36
3	26087	45
3	26132	1
3	26133	12
3	26145	55
3	26200	12
3	26212	48
3	26260	25
3	26285	54
3	26339	29
3	26368	45
3	26413	8
3	26421	61
3	26482	1
3	26483	25
3	26508	42
3	26550	21
3	26571	1
3	26572	23
3	26595	16
3	26611	5
3	26616	4
3	26620	25
3	26645	6
3	26651	22
3	26673	3
3	26676	17
3	26693	15
3	26708	30
3	26738	17
3	26755	1
3	26756	18
3	26774	56
3	26830	35
3	26865	47
3	26912	19
3	26931	37
3	26968	22
3	26990	42
3	27032	20
3	27052	4
3	27056	15
3	27071	7
3	27078	24
3	27102	1
3	27103	63
3	27166	198
3	27364	40
3	27404	8
3	27412	12
3	27424	98
3	27522	45
3	27567	1
3	27568	12
3	27580	28
3	27608	72
3	27680	39
3	27719	30
3	27749	6
3	27755	39
3	27794	13
3	27807	38
3	27845	8
3	27853	45
3	27898	124
3	28022	37
3	28059	61
3	28120	18
3	28138	64
3	28202	11
3	28213	89
3	28302	36
3	28338	10
3	28348	3
3	28351	110
3	28461	3
3	28464	38
3	28502	40
3	28542	8
3	28550	24
3	28574	94
3	28668	72
3	28740	62
3	28802	2
3	28804	8
3	28812	63
3	28875	3
3	28878	17
3	28895	47
3	28942	35
3	28977	15
3	28992	40
3	29032	8
3	29040	18
3	29058	71
3	29129	2
3	29131	55
3	29186	20
3	29206	128
3	29334	7
3	29341	20
3	29361	4
3	29365	45
3	29410	7
3	29417	15
3	29432	25
3	29457	31
3	29488	8
3	29496	24
3	29520	12
3	29532	6
3	29538	10
3	29548	155
3	29703	31
3	29734	26
3	29760	23
3	29783	32
3	29815	97
3	29912	13
3	29925	21
3	29946	14
3	29960	74
3	30034	70
3	30104	23
3	30127	31
3	30158	1
3	30159	31
3	30190	7
3	30197	18
3	30215	13
3	30228	42
3	30270	22
3	30292	24
3	30316	56
3	30372	22
3	30394	49
3	30443	18
3	30461	137
3	30598	28
3	30626	22
3	30648	31
3	30679	92
3	30771	11
3	30782	71
3	30853	62
3	30915	4
3	30919	27
3	30946	48
3	30994	40
3	31034	23
3	31057	24
3	31081	34
3	31115	6
3	31121	62
3	31183	88
3	31271	83
3	31354	9
3	31363	1
3	31364	93
3	31457	56
3	31513	4
3	31517	56
3	31573	10
3	31583	3
3	31586	26
3	31612	18
3	31630	24
3	31654	48
3	31702	2
3	31704	67
3	31771	3
3	31774	34
3	31808	42
3	31850	8
3	31858	51
3	31909	58
3	31967	11
3	31978	9
3	31987	55
3	32042	24
3	32066	30
3	32096	59
3	32155	7
3	32162	133
3	32295	125
3	32420	26
3	32446	27
3	32473	39
3	32512	22
3	32534	39
3	32573	5
3	32578	1
3	32579	26
3	32605	28
3	32633	18
3	32651	24
3	32675	7
3	32682	35
3	32717	20
3	32737	22
3	32759	52
3	32811	5
3	32816	105
3	32921	75
3	32996	18
3	33014	20
3	33034	24
3	33058	18
3	33076	41
3	33117	221
3	33338	5
3	33343	1
3	33344	102
3	33446	89
3	33535	2
3	33537	4
3	33541	40
3	33581	6
3	33587	12
3	33599	77
3	33676	1
3	33677	4
3	33681	163
3	33844	90
3	33934	54
3	33988	55
3	34043	11
3	34054	22
3	34076	8
3	34084	8
3	34092	18
3	34110	3
3	34113	24
3	34137	43
3	34180	12
3	34192	26
3	34218	1
3	34219	68
3	34287	8
3	34295	9
0	34304	
