3.000	5000.000
3.000	0.000
3.000	33.000
3.000	47.000
3.000	93.000
3.000	151.000
3.000	172.000
3.000	202.000
3.000	203.000
3.000	235.000
3.000	254.000
3.000	337.000
3.000	351.000
3.000	385.000
3.000	392.000
3.000	471.000
3.000	496.000
3.000	583.000
3.000	600.000
3.000	622.000
3.000	745.000
3.000	774.000
3.000	808.000
3.000	829.000
3.000	847.000
3.000	863.000
3.000	872.000
3.000	895.000
3.000	994.000
3.000	1012.000
3.000	1052.000
3.000	1103.000
3.000	1181.000
3.000	1194.000
3.000	1197.000
3.000	1199.000
3.000	1217.000
3.000	1242.000
3.000	1255.000
3.000	1273.000
3.000	1281.000
3.000	1282.000
3.000	1309.000
3.000	1315.000
3.000	1332.000
3.000	1382.000
3.000	1444.000
3.000	1449.000
3.000	1460.000
3.000	1490.000
3.000	1491.000
3.000	1500.000
3.000	1511.000
3.000	1519.000
3.000	1565.000
3.000	1591.000
3.000	1608.000
3.000	1640.000
3.000	1651.000
3.000	1654.000
3.000	1707.000
3.000	1716.000
3.000	1719.000
3.000	1741.000
3.000	1826.000
3.000	1827.000
3.000	1862.000
3.000	1879.000
3.000	1914.000
3.000	1940.000
3.000	1981.000
3.000	2024.000
3.000	2032.000
3.000	2042.000
3.000	2043.000
3.000	2115.000
3.000	2123.000
3.000	2144.000
3.000	2168.000
3.000	2252.000
3.000	2268.000
3.000	2312.000
3.000	2331.000
3.000	2349.000
3.000	2427.000
3.000	2438.000
3.000	2517.000
3.000	2613.000
3.000	2741.000
3.000	2856.000
3.000	2956.000
3.000	2994.000
3.000	3004.000
3.000	3020.000
3.000	3036.000
3.000	3124.000
3.000	3129.000
3.000	3237.000
3.000	3249.000
3.000	3305.000
3.000	3355.000
3.000	3424.000
3.000	3489.000
3.000	3551.000
3.000	3579.000
3.000	3582.000
3.000	3607.000
3.000	3671.000
3.000	3687.000
3.000	3697.000
3.000	3708.000
3.000	3758.000
3.000	3782.000
3.000	3812.000
3.000	3866.000
3.000	3895.000
3.000	3899.000
3.000	3958.000
3.000	3983.000
3.000	4057.000
3.000	4084.000
3.000	4086.000
3.000	4101.000
3.000	4135.000
3.000	4165.000
3.000	4183.000
3.000	4293.000
3.000	4321.000
3.000	4365.000
3.000	4367.000
3.000	4423.000
3.000	4448.000
3.000	4468.000
3.000	4493.000
3.000	4536.000
3.000	4555.000
3.000	4572.000
3.000	4638.000
3.000	4713.000
3.000	4717.000
3.000	4722.000
3.000	4752.000
3.000	4769.000
3.000	4771.000
3.000	4780.000
3.000	4819.000
3.000	4828.000
3.000	4851.000
3.000	5002.000
3.000	5012.000
3.000	5078.000
3.000	5112.000
3.000	5117.000
3.000	5138.000
3.000	5142.000
3.000	5145.000
3.000	5167.000
3.000	5192.000
3.000	5215.000
3.000	5220.000
3.000	5279.000
3.000	5425.000
3.000	5490.000
3.000	5527.000
3.000	5536.000
3.000	5547.000
3.000	5551.000
3.000	5558.000
3.000	5599.000
3.000	5645.000
3.000	5658.000
3.000	5720.000
3.000	5726.000
3.000	5734.000
3.000	5790.000
3.000	5821.000
3.000	5840.000
3.000	5876.000
3.000	5896.000
3.000	6015.000
3.000	6034.000
3.000	6091.000
3.000	6116.000
3.000	6196.000
3.000	6262.000
3.000	6272.000
3.000	6298.000
3.000	6301.000
3.000	6325.000
3.000	6360.000
3.000	6483.000
3.000	6552.000
3.000	6558.000
3.000	6608.000
3.000	6632.000
3.000	6641.000
3.000	6695.000
3.000	6748.000
3.000	6760.000
3.000	6860.000
3.000	6904.000
3.000	6971.000
3.000	7009.000
3.000	7036.000
3.000	7052.000
3.000	7088.000
3.000	7121.000
3.000	7129.000
3.000	7141.000
3.000	7152.000
3.000	7212.000
3.000	7226.000
3.000	7385.000
3.000	7436.000
3.000	7521.000
3.000	7558.000
3.000	7570.000
3.000	7581.000
3.000	7588.000
3.000	7594.000
3.000	7637.000
3.000	7694.000
3.000	7697.000
3.000	7706.000
3.000	7711.000
3.000	7722.000
3.000	7738.000
3.000	7747.000
3.000	7757.000
3.000	7764.000
3.000	7791.000
3.000	7813.000
3.000	7821.000
3.000	7847.000
3.000	7913.000
3.000	7942.000
3.000	7955.000
3.000	7967.000
3.000	7985.000
3.000	8005.000
3.000	8087.000
3.000	8182.000
3.000	8201.000
3.000	8274.000
3.000	8285.000
3.000	8314.000
3.000	8407.000
3.000	8415.000
3.000	8453.000
3.000	8548.000
3.000	8617.000
3.000	8644.000
3.000	8717.000
3.000	8721.000
3.000	8792.000
3.000	8853.000
3.000	8861.000
3.000	8872.000
3.000	8888.000
3.000	8943.000
3.000	8955.000
3.000	8958.000
3.000	8973.000
3.000	8990.000
3.000	9012.000
3.000	9025.000
3.000	9036.000
3.000	9126.000
3.000	9129.000
3.000	9132.000
3.000	9164.000
3.000	9177.000
3.000	9188.000
3.000	9194.000
3.000	9216.000
3.000	9223.000
3.000	9230.000
3.000	9255.000
3.000	9265.000
3.000	9283.000
3.000	9313.000
3.000	9330.000
3.000	9345.000
3.000	9347.000
3.000	9487.000
3.000	9517.000
3.000	9524.000
3.000	9526.000
3.000	9529.000
3.000	9532.000
3.000	9576.000
3.000	9596.000
3.000	9606.000
3.000	9647.000
3.000	9648.000
3.000	9667.000
3.000	9705.000
3.000	9787.000
3.000	9791.000
3.000	9907.000
3.000	10010.000
3.000	10056.000
3.000	10107.000
3.000	10217.000
3.000	10303.000
3.000	10343.000
3.000	10348.000
3.000	10447.000
3.000	10553.000
3.000	10609.000
3.000	10618.000
3.000	10621.000
3.000	10641.000
3.000	10656.000
3.000	10675.000
3.000	10723.000
3.000	10732.000
3.000	10745.000
3.000	10774.000
3.000	10779.000
3.000	10782.000
3.000	10793.000
3.000	10794.000
3.000	10799.000
3.000	10846.000
3.000	10850.000
3.000	10864.000
3.000	10913.000
3.000	10942.000
3.000	11034.000
3.000	11036.000
3.000	11068.000
3.000	11078.000
3.000	11198.000
3.000	11304.000
3.000	11356.000
3.000	11357.000
3.000	11381.000
3.000	11411.000
3.000	11453.000
3.000	11456.000
3.000	11500.000
3.000	11522.000
3.000	11586.000
3.000	11753.000
3.000	11765.000
3.000	11794.000
3.000	11845.000
3.000	11850.000
3.000	11908.000
3.000	11922.000
3.000	11978.000
3.000	12118.000
3.000	12153.000
3.000	12237.000
3.000	12250.000
3.000	12278.000
3.000	12288.000
3.000	12315.000
3.000	12381.000
3.000	12382.000
3.000	12438.000
3.000	12456.000
3.000	12475.000
3.000	12478.000
3.000	12501.000
3.000	12543.000
3.000	12552.000
3.000	12591.000
3.000	12703.000
3.000	12717.000
3.000	12739.000
3.000	12757.000
3.000	12858.000
3.000	12863.000
3.000	12890.000
3.000	12898.000
3.000	12908.000
3.000	12912.000
3.000	12923.000
3.000	12940.000
3.000	12959.000
3.000	12978.000
3.000	13001.000
3.000	13022.000
3.000	13047.000
3.000	13159.000
3.000	13190.000
3.000	13302.000
3.000	13371.000
3.000	13427.000
3.000	13459.000
3.000	13480.000
3.000	13499.000
3.000	13502.000
3.000	13527.000
3.000	13579.000
3.000	13608.000
3.000	13613.000
3.000	13637.000
3.000	13641.000
3.000	13693.000
3.000	13770.000
3.000	13793.000
3.000	13864.000
3.000	13917.000
3.000	13926.000
3.000	13931.000
3.000	13940.000
3.000	13946.000
3.000	13979.000
3.000	14017.000
3.000	14020.000
3.000	14021.000
3.000	14024.000
3.000	14043.000
3.000	14091.000
3.000	14097.000
3.000	14206.000
3.000	14224.000
3.000	14291.000
3.000	14313.000
3.000	14388.000
3.000	14424.000
3.000	14433.000
3.000	14468.000
3.000	14484.000
3.000	14510.000
3.000	14516.000
3.000	14544.000
3.000	14611.000
3.000	14704.000
3.000	14729.000
3.000	14739.000
3.000	14755.000
3.000	14763.000
3.000	14839.000
3.000	14904.000
3.000	14969.000
3.000	14980.000
3.000	14989.000
3.000	15015.000
3.000	15058.000
3.000	15071.000
3.000	15072.000
3.000	15094.000
3.000	15107.000
3.000	15154.000
3.000	15180.000
3.000	15188.000
3.000	15246.000
3.000	15257.000
3.000	15301.000
3.000	15326.000
3.000	15356.000
3.000	15429.000
3.000	15569.000
3.000	15604.000
3.000	15660.000
3.000	15700.000
3.000	15738.000
3.000	15769.000
3.000	15789.000
3.000	15798.000
3.000	15820.000
3.000	15884.000
3.000	15912.000
3.000	15996.000
3.000	16031.000
3.000	16046.000
3.000	16076.000
3.000	16079.000
3.000	16118.000
3.000	16133.000
3.000	16175.000
3.000	16212.000
3.000	16246.000
3.000	16258.000
3.000	16308.000
3.000	16332.000
3.000	16392.000
3.000	16451.000
3.000	16468.000
3.000	16522.000
3.000	16542.000
3.000	16572.000
3.000	16575.000
3.000	16640.000
3.000	16654.000
3.000	16655.000
3.000	16667.000
3.000	16692.000
3.000	16714.000
3.000	16741.000
3.000	16824.000
3.000	16832.000
3.000	16899.000
3.000	16910.000
3.000	16912.000
3.000	16918.000
3.000	17013.000
3.000	17014.000
3.000	17153.000
3.000	17218.000
3.000	17248.000
3.000	17257.000
3.000	17265.000
3.000	17282.000
3.000	17294.000
3.000	17331.000
3.000	17334.000
3.000	17338.000
3.000	17342.000
3.000	17355.000
3.000	17359.000
3.000	17413.000
3.000	17458.000
3.000	17522.000
3.000	17535.000
3.000	17547.000
3.000	17679.000
3.000	17800.000
3.000	17820.000
3.000	17873.000
3.000	17925.000
3.000	17946.000
3.000	17973.000
3.000	17997.000
3.000	18066.000
3.000	18080.000
3.000	18123.000
3.000	18148.000
3.000	18156.000
3.000	18178.000
3.000	18197.000
3.000	18345.000
3.000	18369.000
3.000	18380.000
3.000	18399.000
3.000	18488.000
3.000	18516.000
3.000	18563.000
3.000	18578.000
3.000	18636.000
3.000	18663.000
3.000	18677.000
3.000	18700.000
3.000	18712.000
3.000	18803.000
3.000	18811.000
3.000	18879.000
3.000	18926.000
3.000	18947.000
3.000	19015.000
3.000	19034.000
3.000	19061.000
3.000	19090.000
3.000	19131.000
3.000	19145.000
3.000	19146.000
3.000	19237.000
3.000	19239.000
3.000	19252.000
3.000	19264.000
3.000	19415.000
3.000	19429.000
3.000	19451.000
3.000	19533.000
3.000	19540.000
3.000	19578.000
3.000	19624.000
3.000	19729.000
3.000	19789.000
3.000	19837.000
3.000	19862.000
3.000	19882.000
3.000	19914.000
3.000	19933.000
3.000	19943.000
3.000	19967.000
3.000	19970.000
3.000	20110.000
3.000	20122.000
3.000	20222.000
3.000	20224.000
3.000	20274.000
3.000	20281.000
3.000	20293.000
3.000	20294.000
3.000	20305.000
3.000	20418.000
3.000	20421.000
3.000	20425.000
3.000	20446.000
3.000	20463.000
3.000	20479.000
3.000	20510.000
3.000	20520.000
3.000	20522.000
3.000	20537.000
3.000	20653.000
3.000	20709.000
3.000	20813.000
3.000	20843.000
3.000	20846.000
3.000	20990.000
3.000	21076.000
3.000	21080.000
3.000	21161.000
3.000	21172.000
3.000	21177.000
3.000	21193.000
3.000	21261.000
3.000	21267.000
3.000	21286.000
3.000	21349.000
3.000	21380.000
3.000	21387.000
3.000	21469.000
3.000	21477.000
3.000	21522.000
3.000	21548.000
3.000	21574.000
3.000	21641.000
3.000	21655.000
3.000	21662.000
3.000	21671.000
3.000	21749.000
3.000	21753.000
3.000	21758.000
3.000	21777.000
3.000	21783.000
3.000	21819.000
3.000	21846.000
3.000	21849.000
3.000	21975.000
3.000	22015.000
3.000	22119.000
3.000	22135.000
3.000	22182.000
3.000	22194.000
3.000	22226.000
3.000	22239.000
3.000	22242.000
3.000	22248.000
3.000	22304.000
3.000	22344.000
3.000	22362.000
3.000	22396.000
3.000	22406.000
3.000	22416.000
3.000	22544.000
3.000	22749.000
3.000	22841.000
3.000	22896.000
3.000	22898.000
3.000	22945.000
3.000	22976.000
3.000	22981.000
3.000	23018.000
3.000	23023.000
3.000	23024.000
3.000	23041.000
3.000	23055.000
3.000	23056.000
3.000	23063.000
3.000	23083.000
3.000	23123.000
3.000	23175.000
3.000	23178.000
3.000	23253.000
3.000	23261.000
3.000	23352.000
3.000	23363.000
3.000	23365.000
3.000	23388.000
3.000	23432.000
3.000	23475.000
3.000	23551.000
3.000	23687.000
3.000	23690.000
3.000	23702.000
3.000	23716.000
3.000	23727.000
3.000	23729.000
3.000	23763.000
3.000	23772.000
3.000	23802.000
3.000	23806.000
3.000	23828.000
3.000	23857.000
3.000	23882.000
3.000	23981.000
3.000	23992.000
3.000	24018.000
3.000	24042.000
3.000	24097.000
3.000	24115.000
3.000	24160.000
3.000	24246.000
3.000	24250.000
3.000	24251.000
3.000	24257.000
3.000	24273.000
3.000	24278.000
3.000	24339.000
3.000	24367.000
3.000	24391.000
3.000	24450.000
3.000	24491.000
3.000	24497.000
3.000	24529.000
3.000	24560.000
3.000	24570.000
3.000	24571.000
3.000	24646.000
3.000	24680.000
3.000	24741.000
3.000	24782.000
3.000	24798.000
3.000	24835.000
3.000	24837.000
3.000	24861.000
3.000	24910.000
3.000	24926.000
3.000	24929.000
3.000	24982.000
3.000	24987.000
3.000	25022.000
3.000	25086.000
3.000	25205.000
3.000	25225.000
3.000	25244.000
3.000	25272.000
3.000	25303.000
3.000	25334.000
3.000	25423.000
3.000	25428.000
3.000	25477.000
3.000	25497.000
3.000	25540.000
3.000	25550.000
3.000	25565.000
3.000	25572.000
3.000	25615.000
3.000	25690.000
3.000	25696.000
3.000	25744.000
3.000	25750.000
3.000	25762.000
3.000	25770.000
3.000	25787.000
3.000	25793.000
3.000	25812.000
3.000	25855.000
3.000	25856.000
3.000	25970.000
3.000	26009.000
3.000	26150.000
3.000	26167.000
3.000	26191.000
3.000	26195.000
3.000	26203.000
3.000	26262.000
3.000	26323.000
3.000	26337.000
3.000	26380.000
3.000	26505.000
3.000	26607.000
3.000	26616.000
3.000	26681.000
3.000	26752.000
3.000	26883.000
3.000	26893.000
3.000	27002.000
3.000	27053.000
3.000	27076.000
3.000	27103.000
3.000	27117.000
3.000	27166.000
3.000	27213.000
3.000	27241.000
3.000	27242.000
3.000	27247.000
3.000	27263.000
3.000	27344.000
3.000	27386.000
3.000	27406.000
3.000	27445.000
3.000	27457.000
3.000	27465.000
3.000	27538.000
3.000	27541.000
3.000	27585.000
3.000	27592.000
3.000	27598.000
3.000	27615.000
3.000	27665.000
3.000	27692.000
3.000	27763.000
3.000	27783.000
3.000	27868.000
3.000	27891.000
3.000	27901.000
3.000	27948.000
3.000	28007.000
3.000	28174.000
3.000	28204.000
3.000	28264.000
3.000	28275.000
3.000	28322.000
3.000	28332.000
3.000	28370.000
3.000	28384.000
3.000	28422.000
3.000	28424.000
3.000	28436.000
3.000	28450.000
3.000	28488.000
3.000	28492.000
3.000	28499.000
3.000	28604.000
3.000	28627.000
3.000	28631.000
3.000	28685.000
3.000	28690.000
3.000	28719.000
3.000	28741.000
3.000	28818.000
3.000	28893.000
3.000	28901.000
3.000	28983.000
3.000	28992.000
3.000	29001.000
3.000	29032.000
3.000	29059.000
3.000	29075.000
3.000	29109.000
3.000	29127.000
3.000	29133.000
3.000	29225.000
3.000	29269.000
3.000	29282.000
3.000	29287.000
3.000	29306.000
3.000	29307.000
3.000	29357.000
3.000	29438.000
3.000	29469.000
3.000	29487.000
3.000	29593.000
3.000	29733.000
3.000	29792.000
3.000	29812.000
3.000	29817.000
3.000	29881.000
3.000	29889.000
3.000	29915.000
3.000	29923.000
3.000	29949.000
3.000	29951.000
3.000	29959.000
3.000	29973.000
3.000	30012.000
3.000	30079.000
3.000	30092.000
3.000	30224.000
3.000	30240.000
3.000	30265.000
3.000	30307.000
3.000	30440.000
3.000	30505.000
3.000	30540.000
3.000	30554.000
3.000	30560.000
3.000	30578.000
3.000	30589.000
3.000	30600.000
3.000	30651.000
3.000	30696.000
3.000	30770.000
3.000	30890.000
3.000	30929.000
3.000	30933.000
3.000	30937.000
3.000	30948.000
3.000	30993.000
3.000	31009.000
3.000	31013.000
3.000	31019.000
3.000	31021.000
3.000	31042.000
3.000	31079.000
3.000	31166.000
3.000	31195.000
3.000	31203.000
3.000	31215.000
3.000	31238.000
3.000	31344.000
3.000	31349.000
3.000	31373.000
3.000	31384.000
3.000	31393.000
3.000	31418.000
3.000	31435.000
3.000	31443.000
3.000	31446.000
3.000	31447.000
3.000	31462.000
3.000	31467.000
3.000	31525.000
3.000	31551.000
3.000	31594.000
3.000	31601.000
3.000	31628.000
3.000	31668.000
3.000	31718.000
3.000	31737.000
3.000	31738.000
3.000	31747.000
3.000	31772.000
3.000	31876.000
3.000	31910.000
3.000	31925.000
3.000	31958.000
3.000	32009.000
3.000	32036.000
3.000	32053.000
3.000	32061.000
3.000	32067.000
3.000	32089.000
3.000	32119.000
3.000	32152.000
3.000	32173.000
3.000	32188.000
3.000	32218.000
3.000	32232.000
3.000	32321.000
3.000	32323.000
3.000	32409.000
3.000	32417.000
3.000	32470.000
3.000	32510.000
3.000	32515.000
3.000	32595.000
3.000	32646.000
3.000	32689.000
3.000	32698.000
3.000	32794.000
3.000	32843.000
3.000	32871.000
3.000	32934.000
3.000	32988.000
3.000	32994.000
3.000	33059.000
3.000	33108.000
3.000	33122.000
3.000	33162.000
3.000	33166.000
3.000	33168.000
3.000	33214.000
3.000	33223.000
3.000	33260.000
3.000	33278.000
3.000	33313.000
3.000	33321.000
3.000	33369.000
3.000	33372.000
3.000	33393.000
3.000	33401.000
3.000	33408.000
3.000	33427.000
3.000	33649.000
3.000	33670.000
3.000	33686.000
3.000	33693.000
3.000	33729.000
3.000	33738.000
3.000	33741.000
3.000	33747.000
3.000	33758.000
3.000	33797.000
3.000	33911.000
3.000	33923.000
3.000	33960.000
3.000	33982.000
3.000	34000.000
3.000	34062.000
3.000	34089.000
3.000	34103.000
3.000	34120.000
3.000	34214.000
3.000	34234.000
3.000	34271.000
3.000	34294.000
3.000	34297.000
3.000	34349.000
3.000	34359.000
3.000	34370.000
3.000	34422.000
3.000	34507.000
3.000	34618.000
3.000	34626.000
3.000	34674.000
3.000	34717.000
3.000	34741.000
3.000	34745.000
3.000	34774.000
3.000	34813.000
3.000	34830.000
3.000	34868.000
3.000	34883.000
3.000	34896.000
3.000	34906.000
3.000	34908.000
3.000	34915.000
3.000	34984.000
3.000	34990.000
3.000	34996.000
3.000	35019.000
3.000	35061.000
3.000	35065.000
3.000	35081.000
3.000	35108.000
3.000	35115.000
3.000	35120.000
3.000	35121.000
3.000	35141.000
3.000	35194.000
3.000	35212.000
3.000	35217.000
3.000	35230.000
3.000	35233.000
3.000	35257.000
3.000	35265.000
3.000	35320.000
3.000	35359.000
3.000	35446.000
3.000	35600.000
3.000	35621.000
3.000	35634.000
3.000	35658.000
3.000	35761.000
3.000	35780.000
3.000	35820.000
3.000	35851.000
3.000	35896.000
3.000	35942.000
3.000	35946.000
3.000	35964.000
3.000	35965.000
3.000	36062.000
3.000	36197.000
3.000	36203.000
3.000	36238.000
3.000	36249.000
3.000	36296.000
3.000	36313.000
3.000	36318.000
3.000	36402.000
3.000	36415.000
3.000	36430.000
3.000	36478.000
3.000	36487.000
3.000	36492.000
3.000	36524.000
3.000	36539.000
3.000	36549.000
3.000	36586.000
3.000	36591.000
3.000	36636.000
3.000	36649.000
3.000	36691.000
3.000	36759.000
3.000	36764.000
3.000	36850.000
3.000	36881.000
3.000	36912.000
3.000	36979.000
3.000	36996.000
3.000	37059.000
3.000	37087.000
3.000	37110.000
3.000	37131.000
3.000	37167.000
3.000	37223.000
3.000	37234.000
3.000	37287.000
3.000	37314.000
3.000	37321.000
3.000	37326.000
3.000	37327.000
3.000	37331.000
3.000	37337.000
3.000	37340.000
3.000	37350.000
3.000	37372.000
3.000	37385.000
3.000	37397.000
3.000	37408.000
3.000	37428.000
3.000	37555.000
3.000	37564.000
3.000	37621.000
3.000	37677.000
3.000	37780.000
3.000	37781.000
3.000	37838.000
3.000	37918.000
3.000	37968.000
3.000	38018.000
3.000	38030.000
3.000	38106.000
3.000	38139.000
3.000	38183.000
3.000	38260.000
3.000	38267.000
3.000	38277.000
3.000	38303.000
3.000	38354.000
3.000	38408.000
3.000	38486.000
3.000	38530.000
3.000	38568.000
3.000	38586.000
3.000	38613.000
3.000	38616.000
3.000	38710.000
3.000	38711.000
3.000	38744.000
3.000	38805.000
3.000	38832.000
3.000	38871.000
3.000	38872.000
3.000	38897.000
3.000	38914.000
3.000	38936.000
3.000	38966.000
3.000	38969.000
3.000	39000.000
3.000	39013.000
3.000	39035.000
3.000	39056.000
3.000	39086.000
3.000	39089.000
3.000	39094.000
3.000	39134.000
3.000	39143.000
3.000	39160.000
3.000	39202.000
3.000	39307.000
3.000	39323.000
3.000	39349.000
3.000	39353.000
3.000	39435.000
3.000	39487.000
3.000	39491.000
3.000	39550.000
3.000	39573.000
3.000	39583.000
3.000	39588.000
3.000	39593.000
3.000	39678.000
3.000	39710.000
3.000	39716.000
3.000	39718.000
3.000	39785.000
3.000	39794.000
3.000	39816.000
3.000	39868.000
3.000	39897.000
3.000	39941.000
3.000	39943.000
3.000	39963.000
3.000	39966.000
3.000	39969.000
3.000	40027.000
3.000	40044.000
3.000	40057.000
3.000	40160.000
3.000	40168.000
3.000	40196.000
3.000	40200.000
3.000	40245.000
3.000	40254.000
3.000	40256.000
3.000	40295.000
3.000	40309.000
3.000	40386.000
3.000	40399.000
3.000	40448.000
3.000	40452.000
3.000	40461.000
3.000	40467.000
3.000	40477.000
3.000	40510.000
3.000	40512.000
3.000	40551.000
3.000	40591.000
3.000	40605.000
3.000	40666.000
3.000	40694.000
3.000	40766.000
3.000	40923.000
3.000	40937.000
3.000	40938.000
3.000	40992.000
3.000	41025.000
3.000	41113.000
3.000	41118.000
3.000	41160.000
3.000	41161.000
3.000	41229.000
3.000	41235.000
3.000	41262.000
3.000	41306.000
3.000	41323.000
3.000	41332.000
3.000	41356.000
3.000	41452.000
3.000	41455.000
3.000	41553.000
3.000	41567.000
3.000	41630.000
3.000	41647.000
3.000	41675.000
3.000	41685.000
3.000	41698.000
3.000	41822.000
3.000	41875.000
3.000	41930.000
3.000	41931.000
3.000	41948.000
3.000	41970.000
3.000	42095.000
3.000	42107.000
3.000	42125.000
3.000	42209.000
3.000	42216.000
3.000	42222.000
3.000	42294.000
3.000	42437.000
3.000	42528.000
3.000	42586.000
3.000	42602.000
3.000	42614.000
3.000	42615.000
3.000	42690.000
3.000	42692.000
3.000	42699.000
3.000	42745.000
3.000	42819.000
3.000	42846.000
3.000	42886.000
3.000	42893.000
3.000	42908.000
3.000	42948.000
3.000	42998.000
3.000	43050.000
3.000	43095.000
3.000	43104.000
3.000	43156.000
3.000	43166.000
3.000	43167.000
3.000	43195.000
3.000	43214.000
3.000	43216.000
3.000	43236.000
3.000	43295.000
3.000	43345.000
3.000	43369.000
3.000	43389.000
3.000	43450.000
3.000	43520.000
3.000	43621.000
3.000	43635.000
3.000	43647.000
3.000	43693.000
3.000	43724.000
3.000	43733.000
3.000	43754.000
3.000	43774.000
3.000	43795.000
3.000	43835.000
3.000	43873.000
3.000	43879.000
3.000	43898.000
3.000	43912.000
3.000	43933.000
3.000	43943.000
3.000	43948.000
3.000	43952.000
3.000	44012.000
3.000	44013.000
3.000	44023.000
3.000	44148.000
3.000	44162.000
3.000	44164.000
3.000	44178.000
3.000	44191.000
3.000	44231.000
3.000	44243.000
3.000	44300.000
3.000	44340.000
3.000	44366.000
3.000	44384.000
3.000	44405.000
3.000	44411.000
3.000	44445.000
3.000	44449.000
3.000	44466.000
3.000	44531.000
3.000	44538.000
3.000	44561.000
3.000	44594.000
3.000	44619.000
3.000	44664.000
3.000	44698.000
3.000	44761.000
3.000	44783.000
3.000	44804.000
3.000	44849.000
3.000	44854.000
3.000	44948.000
3.000	44996.000
3.000	45019.000
3.000	45059.000
3.000	45061.000
3.000	45121.000
3.000	45139.000
3.000	45164.000
3.000	45168.000
3.000	45192.000
3.000	45194.000
3.000	45215.000
3.000	45260.000
3.000	45311.000
3.000	45312.000
3.000	45321.000
3.000	45322.000
3.000	45334.000
3.000	45387.000
3.000	45402.000
3.000	45409.000
3.000	45518.000
3.000	45532.000
3.000	45596.000
3.000	45601.000
3.000	45667.000
3.000	45748.000
3.000	45787.000
3.000	45817.000
3.000	45949.000
3.000	45970.000
3.000	45998.000
3.000	46006.000
3.000	46034.000
3.000	46037.000
3.000	46055.000
3.000	46094.000
3.000	46123.000
3.000	46151.000
3.000	46257.000
3.000	46266.000
3.000	46269.000
3.000	46288.000
3.000	46304.000
3.000	46320.000
3.000	46356.000
3.000	46395.000
3.000	46399.000
3.000	46428.000
3.000	46452.000
3.000	46475.000
3.000	46571.000
3.000	46584.000
3.000	46617.000
3.000	46636.000
3.000	46679.000
3.000	46786.000
3.000	46792.000
3.000	46823.000
3.000	46851.000
3.000	46876.000
3.000	46903.000
3.000	46930.000
3.000	46982.000
3.000	47005.000
3.000	47030.000
3.000	47040.000
3.000	47102.000
3.000	47179.000
3.000	47181.000
3.000	47188.000
3.000	47191.000
3.000	47269.000
3.000	47278.000
3.000	47314.000
3.000	47367.000
3.000	47503.000
3.000	47529.000
3.000	47676.000
3.000	47705.000
3.000	47857.000
3.000	47865.000
3.000	47892.000
3.000	47909.000
3.000	47959.000
3.000	47988.000
3.000	48012.000
3.000	48064.000
3.000	48074.000
3.000	48080.000
3.000	48082.000
3.000	48092.000
3.000	48104.000
3.000	48105.000
3.000	48109.000
3.000	48171.000
3.000	48178.000
3.000	48196.000
3.000	48225.000
3.000	48253.000
3.000	48275.000
3.000	48336.000
3.000	48358.000
3.000	48384.000
3.000	48443.000
3.000	48448.000
3.000	48482.000
3.000	48559.000
3.000	48560.000
3.000	48603.000
3.000	48626.000
3.000	48672.000
3.000	48720.000
3.000	48745.000
3.000	48748.000
3.000	48753.000
3.000	48893.000
3.000	48906.000
3.000	48948.000
3.000	49013.000
3.000	49048.000
3.000	49063.000
3.000	49074.000
3.000	49078.000
3.000	49117.000
3.000	49128.000
3.000	49176.000
3.000	49185.000
3.000	49214.000
3.000	49215.000
3.000	49230.000
3.000	49271.000
3.000	49348.000
3.000	49352.000
3.000	49406.000
3.000	49426.000
3.000	49441.000
3.000	49459.000
3.000	49481.000
3.000	49539.000
3.000	49556.000
3.000	49575.000
3.000	49585.000
3.000	49721.000
3.000	49746.000
3.000	49752.000
3.000	49787.000
3.000	49792.000
3.000	49807.000
3.000	49887.000
3.000	49902.000
3.000	49907.000
3.000	49909.000
3.000	49915.000
3.000	49921.000
3.000	49922.000
3.000	49926.000
3.000	49952.000
3.000	49955.000
3.000	49992.000
3.000	50055.000
3.000	50067.000
3.000	50068.000
3.000	50073.000
3.000	50090.000
3.000	50103.000
3.000	50105.000
3.000	50134.000
3.000	50146.000
3.000	50330.000
3.000	50360.000
3.000	50366.000
3.000	50376.000
3.000	50583.000
3.000	50595.000
3.000	50627.000
3.000	50692.000
3.000	50750.000
3.000	50784.000
3.000	50789.000
3.000	50824.000
3.000	50872.000
3.000	50877.000
3.000	50882.000
3.000	50961.000
3.000	50971.000
3.000	51007.000
3.000	51009.000
3.000	51010.000
3.000	51031.000
3.000	51056.000
3.000	51085.000
3.000	51092.000
3.000	51163.000
3.000	51176.000
3.000	51180.000
3.000	51221.000
3.000	51259.000
3.000	51297.000
3.000	51312.000
3.000	51314.000
3.000	51333.000
3.000	51339.000
3.000	51347.000
3.000	51360.000
3.000	51408.000
3.000	51409.000
3.000	51418.000
3.000	51430.000
3.000	51466.000
3.000	51510.000
3.000	51632.000
3.000	51671.000
3.000	51674.000
3.000	51677.000
3.000	51689.000
3.000	51704.000
3.000	51731.000
3.000	51798.000
3.000	51987.000
3.000	52021.000
3.000	52029.000
3.000	52095.000
3.000	52138.000
3.000	52149.000
3.000	52170.000
3.000	52207.000
3.000	52335.000
3.000	52337.000
3.000	52430.000
3.000	52452.000
3.000	52480.000
3.000	52497.000
3.000	52500.000
3.000	52518.000
3.000	52570.000
3.000	52657.000
3.000	52658.000
3.000	52679.000
3.000	52791.000
3.000	52792.000
3.000	52897.000
3.000	52912.000
3.000	53002.000
3.000	53047.000
3.000	53090.000
3.000	53102.000
3.000	53142.000
3.000	53200.000
3.000	53208.000
3.000	53236.000
3.000	53251.000
3.000	53267.000
3.000	53398.000
3.000	53462.000
3.000	53486.000
3.000	53495.000
3.000	53515.000
3.000	53553.000
3.000	53561.000
3.000	53577.000
3.000	53599.000
3.000	53649.000
3.000	53674.000
3.000	53743.000
3.000	53807.000
3.000	53875.000
3.000	53880.000
3.000	53881.000
3.000	53917.000
3.000	54015.000
3.000	54040.000
3.000	54045.000
3.000	54058.000
3.000	54064.000
3.000	54113.000
3.000	54187.000
3.000	54221.000
3.000	54309.000
3.000	54332.000
3.000	54368.000
3.000	54370.000
3.000	54503.000
3.000	54522.000
3.000	54527.000
3.000	54537.000
3.000	54585.000
3.000	54597.000
3.000	54613.000
3.000	54616.000
3.000	54620.000
3.000	54641.000
3.000	54658.000
3.000	54694.000
3.000	54744.000
3.000	54760.000
3.000	54811.000
3.000	54824.000
3.000	54850.000
3.000	54856.000
3.000	54888.000
3.000	54935.000
3.000	54955.000
3.000	54966.000
3.000	54968.000
3.000	54990.000
3.000	54995.000
3.000	55040.000
3.000	55044.000
3.000	55098.000
3.000	55125.000
3.000	55133.000
3.000	55150.000
3.000	55171.000
3.000	55211.000
3.000	55235.000
3.000	55291.000
3.000	55335.000
3.000	55362.000
3.000	55402.000
3.000	55463.000
3.000	55485.000
3.000	55492.000
3.000	55517.000
3.000	55551.000
3.000	55610.000
3.000	55688.000
3.000	55799.000
3.000	55803.000
3.000	55918.000
3.000	55941.000
3.000	56048.000
3.000	56056.000
3.000	56122.000
3.000	56134.000
3.000	56237.000
3.000	56244.000
3.000	56300.000
3.000	56369.000
3.000	56429.000
3.000	56439.000
3.000	56448.000
3.000	56450.000
3.000	56468.000
3.000	56541.000
3.000	56631.000
3.000	56674.000
3.000	56680.000
3.000	56712.000
3.000	56755.000
3.000	56763.000
3.000	56764.000
3.000	56793.000
3.000	56861.000
3.000	56879.000
3.000	56885.000
3.000	56984.000
3.000	57009.000
3.000	57056.000
3.000	57173.000
3.000	57177.000
3.000	57225.000
3.000	57260.000
3.000	57280.000
3.000	57333.000
3.000	57395.000
3.000	57405.000
3.000	57451.000
3.000	57484.000
3.000	57495.000
3.000	57589.000
3.000	57602.000
3.000	57641.000
3.000	57702.000
3.000	57789.000
3.000	57852.000
3.000	57883.000
3.000	57903.000
3.000	57930.000
3.000	57943.000
3.000	57955.000
3.000	57979.000
3.000	57988.000
3.000	57995.000
3.000	57997.000
3.000	58010.000
3.000	58081.000
3.000	58176.000
3.000	58193.000
3.000	58233.000
3.000	58243.000
3.000	58256.000
3.000	58275.000
3.000	58297.000
3.000	58376.000
3.000	58402.000
3.000	58523.000
3.000	58712.000
3.000	58716.000
3.000	58737.000
3.000	58788.000
3.000	58797.000
3.000	58927.000
3.000	58929.000
3.000	58931.000
3.000	58934.000
3.000	58975.000
3.000	59007.000
3.000	59016.000
3.000	59065.000
3.000	59091.000
3.000	59095.000
3.000	59180.000
3.000	59222.000
3.000	59235.000
3.000	59270.000
3.000	59381.000
3.000	59384.000
3.000	59386.000
3.000	59393.000
3.000	59399.000
3.000	59410.000
3.000	59434.000
3.000	59446.000
3.000	59460.000
3.000	59471.000
3.000	59489.000
3.000	59507.000
3.000	59546.000
3.000	59633.000
3.000	59647.000
3.000	59712.000
3.000	59729.000
3.000	59733.000
3.000	59818.000
3.000	59856.000
3.000	59862.000
3.000	59870.000
3.000	59896.000
3.000	59905.000
3.000	59928.000
3.000	59946.000
3.000	60015.000
3.000	60021.000
3.000	60064.000
3.000	60105.000
3.000	60138.000
3.000	60203.000
3.000	60211.000
3.000	60337.000
3.000	60339.000
3.000	60346.000
3.000	60411.000
3.000	60421.000
3.000	60461.000
3.000	60464.000
3.000	60470.000
3.000	60482.000
3.000	60565.000
3.000	60622.000
3.000	60649.000
3.000	60676.000
3.000	60681.000
3.000	60701.000
3.000	60703.000
3.000	60781.000
3.000	60785.000
3.000	60796.000
3.000	60817.000
3.000	60854.000
3.000	60862.000
3.000	60870.000
3.000	60900.000
3.000	60944.000
3.000	61025.000
3.000	61041.000
3.000	61061.000
3.000	61074.000
3.000	61076.000
3.000	61111.000
3.000	61198.000
3.000	61214.000
3.000	61233.000
3.000	61235.000
3.000	61247.000
3.000	61252.000
3.000	61343.000
3.000	61391.000
3.000	61395.000
3.000	61455.000
3.000	61459.000
3.000	61518.000
3.000	61521.000
3.000	61549.000
3.000	61582.000
3.000	61638.000
3.000	61660.000
3.000	61695.000
3.000	61705.000
3.000	61713.000
3.000	61714.000
3.000	61760.000
3.000	61793.000
3.000	61815.000
3.000	61855.000
3.000	61858.000
3.000	61914.000
3.000	61938.000
3.000	61967.000
3.000	61970.000
3.000	61984.000
3.000	61991.000
3.000	62007.000
3.000	62032.000
3.000	62057.000
3.000	62072.000
3.000	62148.000
3.000	62219.000
3.000	62272.000
3.000	62277.000
3.000	62308.000
3.000	62372.000
3.000	62398.000
3.000	62424.000
3.000	62459.000
3.000	62507.000
3.000	62526.000
3.000	62547.000
3.000	62584.000
3.000	62625.000
3.000	62634.000
3.000	62640.000
3.000	62647.000
3.000	62685.000
3.000	62699.000
3.000	62714.000
3.000	62715.000
3.000	62768.000
3.000	62816.000
3.000	62817.000
3.000	62881.000
3.000	62903.000
3.000	62904.000
3.000	62937.000
3.000	63003.000
3.000	63027.000
3.000	63056.000
3.000	63137.000
3.000	63198.000
3.000	63212.000
3.000	63274.000
3.000	63325.000
3.000	63338.000
3.000	63356.000
3.000	63368.000
3.000	63393.000
3.000	63410.000
3.000	63459.000
3.000	63468.000
3.000	63486.000
3.000	63488.000
3.000	63518.000
3.000	63528.000
3.000	63529.000
3.000	63576.000
3.000	63658.000
3.000	63679.000
3.000	63686.000
3.000	63714.000
3.000	63802.000
3.000	63910.000
3.000	63918.000
3.000	63957.000
3.000	63983.000
3.000	63997.000
3.000	64021.000
3.000	64059.000
3.000	64068.000
3.000	64105.000
3.000	64115.000
3.000	64182.000
3.000	64235.000
3.000	64268.000
3.000	64287.000
3.000	64388.000
3.000	64412.000
3.000	64424.000
3.000	64439.000
3.000	64452.000
3.000	64483.000
3.000	64488.000
3.000	64499.000
3.000	64502.000
3.000	64507.000
3.000	64558.000
3.000	64565.000
3.000	64628.000
3.000	64638.000
3.000	64656.000
3.000	64730.000
3.000	64794.000
3.000	64816.000
3.000	64839.000
3.000	64954.000
3.000	64977.000
3.000	65010.000
3.000	65026.000
3.000	65058.000
3.000	65073.000
3.000	65078.000
3.000	65115.000
3.000	65141.000
3.000	65173.000
3.000	65221.000
3.000	65232.000
3.000	65258.000
3.000	65299.000
3.000	65345.000
3.000	65348.000
3.000	65385.000
3.000	65396.000
3.000	65397.000
3.000	65459.000
3.000	65472.000
3.000	65480.000
3.000	65578.000
3.000	65604.000
3.000	65640.000
3.000	65642.000
3.000	65681.000
3.000	65749.000
3.000	65945.000
3.000	66004.000
3.000	66033.000
3.000	66054.000
3.000	66064.000
3.000	66068.000
3.000	66114.000
3.000	66148.000
3.000	66199.000
3.000	66214.000
3.000	66250.000
3.000	66272.000
3.000	66411.000
3.000	66449.000
3.000	66539.000
3.000	66601.000
3.000	66610.000
3.000	66624.000
3.000	66637.000
3.000	66657.000
3.000	66661.000
3.000	66678.000
3.000	66786.000
3.000	66807.000
3.000	66827.000
3.000	66833.000
3.000	66854.000
3.000	66914.000
3.000	66975.000
3.000	66983.000
3.000	66991.000
3.000	67004.000
3.000	67020.000
3.000	67040.000
3.000	67079.000
3.000	67188.000
3.000	67211.000
3.000	67250.000
3.000	67289.000
3.000	67360.000
3.000	67415.000
3.000	67427.000
3.000	67451.000
3.000	67573.000
3.000	67574.000
3.000	67614.000
3.000	67674.000
3.000	67682.000
3.000	67722.000
3.000	67753.000
3.000	67766.000
3.000	67880.000
3.000	67892.000
3.000	67985.000
3.000	67989.000
3.000	68008.000
3.000	68017.000
3.000	68038.000
3.000	68064.000
3.000	68069.000
3.000	68102.000
3.000	68123.000
3.000	68278.000
3.000	68280.000
3.000	68297.000
3.000	68445.000
3.000	68505.000
3.000	68531.000
3.000	68565.000
3.000	68571.000
3.000	68615.000
3.000	68617.000
3.000	68618.000
3.000	68677.000
3.000	68681.000
3.000	68767.000
3.000	68777.000
3.000	68781.000
3.000	68794.000
3.000	69045.000
3.000	69051.000
3.000	69068.000
3.000	69071.000
3.000	69089.000
3.000	69106.000
3.000	69117.000
3.000	69145.000
3.000	69170.000
3.000	69171.000
3.000	69289.000
3.000	69324.000
3.000	69356.000
3.000	69374.000
3.000	69428.000
3.000	69442.000
3.000	69615.000
3.000	69646.000
3.000	69662.000
3.000	69669.000
3.000	69747.000
3.000	69766.000
3.000	69782.000
3.000	69791.000
3.000	69829.000
3.000	70010.000
3.000	70013.000
3.000	70030.000
3.000	70038.000
3.000	70090.000
3.000	70179.000
3.000	70200.000
3.000	70224.000
3.000	70228.000
3.000	70257.000
3.000	70281.000
3.000	70328.000
3.000	70347.000
3.000	70354.000
3.000	70389.000
3.000	70394.000
3.000	70401.000
3.000	70433.000
3.000	70467.000
3.000	70529.000
3.000	70564.000
3.000	70566.000
3.000	70567.000
3.000	70619.000
3.000	70701.000
3.000	70708.000
3.000	70713.000
3.000	70742.000
3.000	70795.000
3.000	70799.000
3.000	70805.000
3.000	70860.000
3.000	70880.000
3.000	70885.000
3.000	70911.000
3.000	70982.000
3.000	71019.000
3.000	71047.000
3.000	71203.000
3.000	71233.000
3.000	71299.000
3.000	71305.000
3.000	71389.000
3.000	71460.000
3.000	71482.000
3.000	71536.000
3.000	71598.000
3.000	71736.000
3.000	71747.000
3.000	71755.000
3.000	71791.000
3.000	71800.000
3.000	71807.000
3.000	71845.000
3.000	71909.000
3.000	71923.000
3.000	71963.000
3.000	71981.000
3.000	72075.000
3.000	72084.000
3.000	72086.000
3.000	72110.000
3.000	72152.000
3.000	72156.000
3.000	72226.000
3.000	72310.000
3.000	72316.000
3.000	72365.000
3.000	72418.000
3.000	72467.000
3.000	72478.000
3.000	72525.000
3.000	72564.000
3.000	72605.000
3.000	72606.000
3.000	72625.000
3.000	72680.000
3.000	72705.000
3.000	72710.000
3.000	72744.000
3.000	72772.000
3.000	72802.000
3.000	72820.000
3.000	72881.000
3.000	72894.000
3.000	72925.000
3.000	72946.000
3.000	73006.000
3.000	73021.000
3.000	73036.000
3.000	73065.000
3.000	73085.000
3.000	73151.000
3.000	73159.000
3.000	73171.000
3.000	73191.000
3.000	73260.000
3.000	73263.000
3.000	73271.000
3.000	73276.000
3.000	73319.000
3.000	73340.000
3.000	73363.000
3.000	73373.000
3.000	73375.000
3.000	73440.000
3.000	73447.000
3.000	73461.000
3.000	73486.000
3.000	73492.000
3.000	73521.000
3.000	73577.000
3.000	73588.000
3.000	73600.000
3.000	73638.000
3.000	73688.000
3.000	73733.000
3.000	73739.000
3.000	73745.000
3.000	73749.000
3.000	73764.000
3.000	73776.000
3.000	73821.000
3.000	73885.000
3.000	73890.000
3.000	73916.000
3.000	73925.000
3.000	73986.000
3.000	74026.000
3.000	74029.000
3.000	74072.000
3.000	74092.000
3.000	74100.000
3.000	74132.000
3.000	74137.000
3.000	74153.000
3.000	74169.000
3.000	74188.000
3.000	74234.000
3.000	74247.000
3.000	74270.000
3.000	74319.000
3.000	74410.000
3.000	74434.000
3.000	74461.000
3.000	74465.000
3.000	74531.000
3.000	74581.000
3.000	74608.000
3.000	74694.000
3.000	74706.000
3.000	74738.000
3.000	74813.000
3.000	74841.000
3.000	74959.000
3.000	74964.000
3.000	75023.000
3.000	75054.000
3.000	75095.000
3.000	75099.000
3.000	75101.000
3.000	75166.000
3.000	75175.000
3.000	75216.000
3.000	75241.000
3.000	75258.000
3.000	75279.000
3.000	75283.000
3.000	75388.000
3.000	75401.000
3.000	75454.000
3.000	75496.000
3.000	75510.000
3.000	75544.000
3.000	75675.000
3.000	75676.000
3.000	75706.000
3.000	75717.000
3.000	75767.000
3.000	75770.000
3.000	75778.000
3.000	75780.000
3.000	75845.000
3.000	75987.000
3.000	75990.000
3.000	76028.000
3.000	76073.000
3.000	76085.000
3.000	76117.000
3.000	76142.000
3.000	76204.000
3.000	76326.000
3.000	76354.000
3.000	76572.000
3.000	76590.000
3.000	76624.000
3.000	76731.000
3.000	76746.000
3.000	76750.000
3.000	76762.000
3.000	76838.000
3.000	76850.000
3.000	76921.000
3.000	76934.000
3.000	76951.000
3.000	77047.000
3.000	77103.000
3.000	77136.000
3.000	77139.000
3.000	77216.000
3.000	77299.000
3.000	77312.000
3.000	77333.000
3.000	77334.000
3.000	77341.000
3.000	77344.000
3.000	77434.000
3.000	77457.000
3.000	77552.000
3.000	77650.000
3.000	77677.000
3.000	77707.000
3.000	77930.000
3.000	77956.000
3.000	77969.000
3.000	77971.000
3.000	77974.000
3.000	78010.000
3.000	78057.000
3.000	78138.000
3.000	78180.000
3.000	78182.000
3.000	78194.000
3.000	78203.000
3.000	78221.000
3.000	78241.000
3.000	78258.000
3.000	78304.000
3.000	78347.000
3.000	78401.000
3.000	78473.000
3.000	78588.000
3.000	78589.000
3.000	78604.000
3.000	78664.000
3.000	78786.000
3.000	78814.000
3.000	78847.000
3.000	78895.000
3.000	78991.000
3.000	78996.000
3.000	79096.000
3.000	79179.000
3.000	79215.000
3.000	79277.000
3.000	79279.000
3.000	79285.000
3.000	79351.000
3.000	79380.000
3.000	79448.000
3.000	79486.000
3.000	79594.000
3.000	79601.000
3.000	79676.000
3.000	79693.000
3.000	79696.000
3.000	79777.000
3.000	79789.000
3.000	79793.000
3.000	79810.000
3.000	79823.000
3.000	79883.000
3.000	79885.000
3.000	79913.000
3.000	80023.000
3.000	80036.000
3.000	80056.000
3.000	80082.000
3.000	80125.000
3.000	80128.000
3.000	80138.000
3.000	80160.000
3.000	80315.000
3.000	80337.000
3.000	80352.000
3.000	80369.000
3.000	80398.000
3.000	80421.000
3.000	80462.000
3.000	80510.000
3.000	80524.000
3.000	80541.000
3.000	80574.000
3.000	80593.000
3.000	80615.000
3.000	80686.000
3.000	80695.000
3.000	80711.000
3.000	80719.000
3.000	80734.000
3.000	80829.000
3.000	80835.000
3.000	80870.000
3.000	80878.000
3.000	80891.000
3.000	80908.000
3.000	80911.000
3.000	80912.000
3.000	80936.000
3.000	80966.000
3.000	80974.000
3.000	81003.000
3.000	81004.000
3.000	81009.000
3.000	81017.000
3.000	81026.000
3.000	81034.000
3.000	81047.000
3.000	81102.000
3.000	81104.000
3.000	81155.000
3.000	81222.000
3.000	81230.000
3.000	81264.000
3.000	81379.000
3.000	81430.000
3.000	81468.000
3.000	81469.000
3.000	81513.000
3.000	81561.000
3.000	81573.000
3.000	81615.000
3.000	81662.000
3.000	81672.000
3.000	81681.000
3.000	81713.000
3.000	81811.000
3.000	81847.000
3.000	81852.000
3.000	81886.000
3.000	81895.000
3.000	81913.000
3.000	81951.000
3.000	81988.000
3.000	82136.000
3.000	82160.000
3.000	82236.000
3.000	82270.000
3.000	82337.000
3.000	82359.000
3.000	82361.000
3.000	82395.000
3.000	82409.000
3.000	82461.000
3.000	82468.000
3.000	82473.000
3.000	82477.000
3.000	82509.000
3.000	82592.000
3.000	82612.000
3.000	82637.000
3.000	82657.000
3.000	82705.000
3.000	82727.000
3.000	82774.000
3.000	82792.000
3.000	82801.000
3.000	82862.000
3.000	82890.000
3.000	82900.000
3.000	82974.000
3.000	82980.000
3.000	83106.000
3.000	83110.000
3.000	83114.000
3.000	83141.000
3.000	83200.000
3.000	83289.000
3.000	83294.000
3.000	83306.000
3.000	83364.000
3.000	83365.000
3.000	83384.000
3.000	83486.000
3.000	83497.000
3.000	83577.000
3.000	83594.000
3.000	83646.000
3.000	83734.000
3.000	83769.000
3.000	83807.000
3.000	83860.000
3.000	83866.000
3.000	83881.000
3.000	83939.000
3.000	84009.000
3.000	84039.000
3.000	84042.000
3.000	84122.000
3.000	84147.000
3.000	84299.000
3.000	84335.000
3.000	84392.000
3.000	84425.000
3.000	84434.000
3.000	84465.000
3.000	84475.000
3.000	84476.000
3.000	84490.000
3.000	84531.000
3.000	84631.000
3.000	84674.000
3.000	84702.000
3.000	84742.000
3.000	84778.000
3.000	84797.000
3.000	84799.000
3.000	84808.000
3.000	84835.000
3.000	84907.000
3.000	84933.000
3.000	84940.000
3.000	84959.000
3.000	84960.000
3.000	84968.000
3.000	84969.000
3.000	84972.000
3.000	85007.000
3.000	85060.000
3.000	85112.000
3.000	85247.000
3.000	85279.000
3.000	85299.000
3.000	85300.000
3.000	85304.000
3.000	85309.000
3.000	85332.000
3.000	85367.000
3.000	85384.000
3.000	85482.000
3.000	85505.000
3.000	85579.000
3.000	85630.000
3.000	85684.000
3.000	85693.000
3.000	85737.000
3.000	85743.000
3.000	85751.000
3.000	85811.000
3.000	85822.000
3.000	85828.000
3.000	85875.000
3.000	85877.000
3.000	85911.000
3.000	85929.000
3.000	85952.000
3.000	86042.000
3.000	86062.000
3.000	86098.000
3.000	86111.000
3.000	86138.000
3.000	86193.000
3.000	86303.000
3.000	86319.000
3.000	86344.000
3.000	86371.000
3.000	86421.000
3.000	86442.000
3.000	86476.000
3.000	86481.000
3.000	86500.000
3.000	86501.000
3.000	86511.000
3.000	86518.000
3.000	86553.000
3.000	86572.000
3.000	86573.000
3.000	86659.000
3.000	86674.000
3.000	86747.000
3.000	86874.000
3.000	86910.000
3.000	86929.000
3.000	86931.000
3.000	86953.000
3.000	86966.000
3.000	86988.000
3.000	86992.000
3.000	86997.000
3.000	87006.000
3.000	87104.000
3.000	87119.000
3.000	87135.000
3.000	87137.000
3.000	87152.000
3.000	87195.000
3.000	87206.000
3.000	87240.000
3.000	87269.000
3.000	87280.000
3.000	87356.000
3.000	87357.000
3.000	87404.000
3.000	87470.000
3.000	87567.000
3.000	87648.000
3.000	87698.000
3.000	87801.000
3.000	87807.000
3.000	87839.000
3.000	87869.000
3.000	87890.000
3.000	87896.000
3.000	87926.000
3.000	88107.000
3.000	88173.000
3.000	88179.000
3.000	88204.000
3.000	88301.000
3.000	88335.000
3.000	88369.000
3.000	88379.000
3.000	88381.000
3.000	88394.000
3.000	88425.000
3.000	88458.000
3.000	88500.000
3.000	88501.000
3.000	88514.000
3.000	88527.000
3.000	88528.000
3.000	88535.000
3.000	88560.000
3.000	88592.000
3.000	88624.000
3.000	88642.000
3.000	88697.000
3.000	88707.000
3.000	88757.000
3.000	88801.000
3.000	88824.000
3.000	88837.000
3.000	88847.000
3.000	88861.000
3.000	88893.000
3.000	88914.000
3.000	88915.000
3.000	88991.000
3.000	88993.000
3.000	89068.000
3.000	89070.000
3.000	89075.000
3.000	89083.000
3.000	89103.000
3.000	89116.000
3.000	89163.000
3.000	89223.000
3.000	89241.000
3.000	89244.000
3.000	89266.000
3.000	89296.000
3.000	89315.000
3.000	89323.000
3.000	89347.000
3.000	89355.000
3.000	89396.000
3.000	89401.000
3.000	89403.000
3.000	89428.000
3.000	89444.000
3.000	89475.000
3.000	89562.000
3.000	89568.000
3.000	89588.000
3.000	89617.000
3.000	89679.000
3.000	89694.000
3.000	89744.000
3.000	89790.000
3.000	89836.000
3.000	89838.000
3.000	89860.000
3.000	89880.000
3.000	89900.000
3.000	89904.000
3.000	89934.000
3.000	89976.000
3.000	90076.000
3.000	90109.000
3.000	90237.000
3.000	90261.000
3.000	90346.000
3.000	90400.000
3.000	90433.000
3.000	90450.000
3.000	90457.000
3.000	90507.000
3.000	90514.000
3.000	90534.000
3.000	90569.000
3.000	90603.000
3.000	90639.000
3.000	90731.000
3.000	90743.000
3.000	90776.000
3.000	90800.000
3.000	90814.000
3.000	90816.000
3.000	90962.000
3.000	90963.000
3.000	90976.000
3.000	90989.000
3.000	91007.000
3.000	91145.000
3.000	91154.000
3.000	91183.000
3.000	91216.000
3.000	91289.000
3.000	91352.000
3.000	91405.000
3.000	91411.000
3.000	91428.000
3.000	91505.000
3.000	91632.000
3.000	91636.000
3.000	91657.000
3.000	91658.000
3.000	91667.000
3.000	91706.000
3.000	91768.000
3.000	91784.000
3.000	91819.000
3.000	91832.000
3.000	91841.000
3.000	91892.000
3.000	92003.000
3.000	92058.000
3.000	92097.000
3.000	92100.000
3.000	92126.000
3.000	92131.000
3.000	92151.000
3.000	92173.000
3.000	92180.000
3.000	92198.000
3.000	92268.000
3.000	92306.000
3.000	92323.000
3.000	92327.000
3.000	92351.000
3.000	92352.000
3.000	92366.000
3.000	92397.000
3.000	92451.000
3.000	92466.000
3.000	92519.000
3.000	92552.000
3.000	92576.000
3.000	92617.000
3.000	92628.000
3.000	92633.000
3.000	92684.000
3.000	92756.000
3.000	92767.000
3.000	92769.000
3.000	92796.000
3.000	92828.000
3.000	92871.000
3.000	92874.000
3.000	92930.000
3.000	92935.000
3.000	92953.000
3.000	92954.000
3.000	92960.000
3.000	93040.000
3.000	93049.000
3.000	93059.000
3.000	93177.000
3.000	93188.000
3.000	93191.000
3.000	93272.000
3.000	93302.000
3.000	93332.000
3.000	93340.000
3.000	93464.000
3.000	93497.000
3.000	93513.000
3.000	93575.000
3.000	93590.000
3.000	93643.000
3.000	93647.000
3.000	93655.000
3.000	93689.000
3.000	93690.000
3.000	93699.000
3.000	93724.000
3.000	93740.000
3.000	93837.000
3.000	93861.000
3.000	93904.000
3.000	93907.000
3.000	93931.000
3.000	93935.000
3.000	93963.000
3.000	94014.000
3.000	94029.000
3.000	94053.000
3.000	94080.000
3.000	94119.000
3.000	94178.000
3.000	94215.000
3.000	94264.000
3.000	94265.000
3.000	94267.000
3.000	94270.000
3.000	94289.000
3.000	94327.000
3.000	94341.000
3.000	94345.000
3.000	94355.000
3.000	94383.000
3.000	94452.000
3.000	94484.000
3.000	94553.000
3.000	94588.000
3.000	94613.000
3.000	94638.000
3.000	94668.000
3.000	94670.000
3.000	94684.000
3.000	94706.000
3.000	94799.000
3.000	94829.000
3.000	94909.000
3.000	94912.000
3.000	94935.000
3.000	94960.000
3.000	94967.000
3.000	94974.000
3.000	94996.000
3.000	95006.000
3.000	95016.000
3.000	95023.000
3.000	95064.000
3.000	95083.000
3.000	95136.000
3.000	95156.000
3.000	95174.000
3.000	95194.000
3.000	95223.000
3.000	95238.000
3.000	95257.000
3.000	95259.000
3.000	95263.000
3.000	95271.000
3.000	95287.000
3.000	95406.000
3.000	95416.000
3.000	95469.000
3.000	95519.000
3.000	95523.000
3.000	95590.000
3.000	95599.000
3.000	95600.000
3.000	95606.000
3.000	95670.000
3.000	95708.000
3.000	95739.000
3.000	95763.000
3.000	95764.000
3.000	95790.000
3.000	95814.000
3.000	95851.000
3.000	95945.000
3.000	95964.000
3.000	95973.000
3.000	95985.000
3.000	96033.000
3.000	96055.000
3.000	96157.000
3.000	96265.000
3.000	96277.000
3.000	96303.000
3.000	96315.000
3.000	96358.000
3.000	96399.000
3.000	96472.000
3.000	96509.000
3.000	96533.000
3.000	96542.000
3.000	96558.000
3.000	96569.000
3.000	96586.000
3.000	96594.000
3.000	96613.000
3.000	96631.000
3.000	96665.000
3.000	96696.000
3.000	96707.000
3.000	96831.000
3.000	96928.000
3.000	96956.000
3.000	96967.000
3.000	97015.000
3.000	97041.000
3.000	97065.000
3.000	97141.000
3.000	97174.000
3.000	97175.000
3.000	97217.000
3.000	97272.000
3.000	97282.000
3.000	97330.000
3.000	97331.000
3.000	97368.000
3.000	97403.000
3.000	97412.000
3.000	97416.000
3.000	97421.000
3.000	97431.000
3.000	97454.000
3.000	97497.000
3.000	97542.000
3.000	97565.000
3.000	97567.000
3.000	97648.000
3.000	97655.000
3.000	97673.000
3.000	97795.000
3.000	97872.000
3.000	97955.000
3.000	98042.000
3.000	98063.000
3.000	98160.000
3.000	98178.000
3.000	98193.000
3.000	98224.000
3.000	98228.000
3.000	98234.000
3.000	98252.000
3.000	98420.000
3.000	98426.000
3.000	98442.000
3.000	98468.000
3.000	98479.000
3.000	98490.000
3.000	98504.000
3.000	98537.000
3.000	98540.000
3.000	98557.000
3.000	98617.000
3.000	98628.000
3.000	98637.000
3.000	98706.000
3.000	98720.000
3.000	98728.000
3.000	98743.000
3.000	98751.000
3.000	98756.000
3.000	98791.000
3.000	98796.000
3.000	98814.000
3.000	98924.000
3.000	98948.000
3.000	98980.000
3.000	99032.000
3.000	99041.000
3.000	99045.000
3.000	99052.000
3.000	99101.000
3.000	99183.000
3.000	99190.000
3.000	99271.000
3.000	99292.000
3.000	99343.000
3.000	99405.000
3.000	99486.000
3.000	99554.000
3.000	99599.000
3.000	99680.000
3.000	99685.000
3.000	99736.000
3.000	99739.000
3.000	99749.000
3.000	99765.000
3.000	99783.000
3.000	99784.000
3.000	99819.000
3.000	99851.000
3.000	99852.000
3.000	99855.000
3.000	99934.000
3.000	99990.000
3.000	100031.000
3.000	100098.000
3.000	100146.000
3.000	100167.000
3.000	100270.000
3.000	100276.000
3.000	100280.000
3.000	100401.000
3.000	100412.000
3.000	100416.000
3.000	100418.000
3.000	100423.000
3.000	100471.000
3.000	100476.000
3.000	100514.000
3.000	100534.000
3.000	100574.000
3.000	100580.000
3.000	100582.000
3.000	100606.000
3.000	100689.000
3.000	100691.000
3.000	100743.000
3.000	100754.000
3.000	100763.000
3.000	100767.000
3.000	100777.000
3.000	100921.000
3.000	100922.000
3.000	100962.000
3.000	101006.000
3.000	101025.000
3.000	101045.000
3.000	101058.000
3.000	101064.000
3.000	101091.000
3.000	101157.000
3.000	101161.000
3.000	101164.000
3.000	101174.000
3.000	101178.000
3.000	101185.000
3.000	101188.000
3.000	101197.000
3.000	101207.000
3.000	101235.000
3.000	101265.000
3.000	101288.000
3.000	101323.000
3.000	101355.000
3.000	101397.000
3.000	101401.000
3.000	101415.000
3.000	101460.000
3.000	101475.000
3.000	101485.000
3.000	101526.000
3.000	101561.000
3.000	101581.000
3.000	101613.000
3.000	101641.000
3.000	101663.000
3.000	101665.000
3.000	101680.000
3.000	101681.000
3.000	101757.000
3.000	101811.000
3.000	101838.000
3.000	101873.000
3.000	101879.000
3.000	101880.000
3.000	101971.000
3.000	102066.000
3.000	102090.000
3.000	102111.000
3.000	102125.000
3.000	102146.000
3.000	102228.000
3.000	102236.000
3.000	102285.000
3.000	102319.000
3.000	102385.000
3.000	102395.000
3.000	102416.000
3.000	102490.000
3.000	102524.000
3.000	102542.000
3.000	102563.000
3.000	102619.000
3.000	102645.000
3.000	102650.000
3.000	102675.000
3.000	102722.000
3.000	102862.000
3.000	102866.000
3.000	102959.000
3.000	103063.000
3.000	103086.000
3.000	103105.000
3.000	103174.000
3.000	103273.000
3.000	103367.000
3.000	103433.000
3.000	103440.000
3.000	103508.000
3.000	103533.000
3.000	103561.000
3.000	103572.000
3.000	103611.000
3.000	103658.000
3.000	103698.000
3.000	103742.000
3.000	103768.000
3.000	103790.000
3.000	103814.000
3.000	103816.000
3.000	103824.000
3.000	103842.000
3.000	103853.000
3.000	103862.000
3.000	103868.000
3.000	103968.000
3.000	104022.000
3.000	104023.000
3.000	104039.000
3.000	104043.000
3.000	104125.000
3.000	104215.000
3.000	104216.000
3.000	104267.000
3.000	104312.000
3.000	104341.000
3.000	104366.000
3.000	104377.000
3.000	104395.000
3.000	104404.000
3.000	104415.000
3.000	104419.000
3.000	104427.000
3.000	104434.000
3.000	104502.000
3.000	104521.000
3.000	104531.000
3.000	104551.000
3.000	104584.000
3.000	104612.000
3.000	104645.000
3.000	104709.000
3.000	104779.000
3.000	104813.000
3.000	104814.000
3.000	104834.000
3.000	104849.000
3.000	104898.000
3.000	104913.000
3.000	104964.000
3.000	104965.000
3.000	104982.000
3.000	105043.000
3.000	105069.000
3.000	105082.000
3.000	105085.000
3.000	105141.000
3.000	105192.000
3.000	105199.000
3.000	105207.000
3.000	105212.000
3.000	105251.000
3.000	105313.000
3.000	105407.000
3.000	105456.000
3.000	105467.000
3.000	105516.000
3.000	105606.000
3.000	105632.000
3.000	105655.000
3.000	105687.000
3.000	105704.000
3.000	105724.000
3.000	105757.000
3.000	105785.000
3.000	105830.000
3.000	105851.000
3.000	105854.000
3.000	105883.000
3.000	105885.000
3.000	105936.000
3.000	105975.000
3.000	105976.000
3.000	105988.000
3.000	106009.000
3.000	106094.000
3.000	106097.000
3.000	106138.000
3.000	106191.000
3.000	106199.000
3.000	106274.000
3.000	106314.000
3.000	106323.000
3.000	106345.000
3.000	106409.000
3.000	106455.000
3.000	106459.000
3.000	106465.000
3.000	106470.000
3.000	106486.000
3.000	106527.000
3.000	106529.000
3.000	106567.000
3.000	106625.000
3.000	106647.000
3.000	106650.000
3.000	106787.000
3.000	106794.000
3.000	106801.000
3.000	106810.000
3.000	106853.000
3.000	106881.000
3.000	107005.000
3.000	107037.000
3.000	107111.000
3.000	107125.000
3.000	107167.000
3.000	107172.000
3.000	107215.000
3.000	107277.000
3.000	107314.000
3.000	107327.000
3.000	107351.000
3.000	107384.000
3.000	107444.000
3.000	107479.000
3.000	107482.000
3.000	107498.000
3.000	107512.000
3.000	107522.000
3.000	107532.000
3.000	107613.000
3.000	107641.000
3.000	107653.000
3.000	107662.000
3.000	107682.000
3.000	107693.000
3.000	107732.000
3.000	107808.000
3.000	107831.000
3.000	107932.000
3.000	107943.000
3.000	107959.000
3.000	108007.000
3.000	108051.000
3.000	108059.000
3.000	108105.000
3.000	108114.000
3.000	108141.000
3.000	108195.000
3.000	108197.000
3.000	108277.000
3.000	108305.000
3.000	108342.000
3.000	108378.000
3.000	108386.000
3.000	108398.000
3.000	108428.000
3.000	108431.000
3.000	108448.000
3.000	108450.000
3.000	108462.000
3.000	108469.000
3.000	108555.000
3.000	108564.000
3.000	108586.000
3.000	108650.000
3.000	108659.000
3.000	108732.000
3.000	108744.000
3.000	108775.000
3.000	108817.000
3.000	108827.000
3.000	108846.000
3.000	108924.000
3.000	108940.000
3.000	108960.000
3.000	108999.000
3.000	109039.000
3.000	109076.000
3.000	109144.000
3.000	109164.000
3.000	109170.000
3.000	109196.000
3.000	109208.000
3.000	109240.000
3.000	109287.000
3.000	109372.000
3.000	109419.000
3.000	109518.000
3.000	109522.000
3.000	109530.000
3.000	109597.000
3.000	109602.000
3.000	109615.000
3.000	109636.000
3.000	109642.000
3.000	109649.000
3.000	109672.000
3.000	109840.000
3.000	109845.000
3.000	109872.000
3.000	109919.000
3.000	109940.000
3.000	110010.000
3.000	110054.000
3.000	110071.000
3.000	110170.000
3.000	110261.000
3.000	110389.000
3.000	110413.000
3.000	110434.000
3.000	110449.000
3.000	110484.000
3.000	110501.000
3.000	110507.000
3.000	110522.000
3.000	110539.000
3.000	110675.000
3.000	110692.000
3.000	110705.000
3.000	110716.000
3.000	110719.000
3.000	110749.000
3.000	110798.000
3.000	110809.000
3.000	110811.000
3.000	110839.000
3.000	110855.000
3.000	110870.000
3.000	110881.000
3.000	110896.000
3.000	110898.000
3.000	110971.000
3.000	111004.000
3.000	111068.000
3.000	111095.000
3.000	111101.000
3.000	111109.000
3.000	111256.000
3.000	111274.000
3.000	111276.000
3.000	111335.000
3.000	111336.000
3.000	111354.000
3.000	111406.000
3.000	111431.000
3.000	111439.000
3.000	111451.000
3.000	111456.000
3.000	111461.000
3.000	111646.000
3.000	111772.000
3.000	111774.000
3.000	111798.000
3.000	111827.000
3.000	111829.000
3.000	111853.000
3.000	111899.000
3.000	111930.000
3.000	111939.000
3.000	111973.000
3.000	111995.000
3.000	112042.000
3.000	112099.000
3.000	112111.000
3.000	112235.000
3.000	112248.000
3.000	112275.000
3.000	112282.000
3.000	112309.000
3.000	112329.000
3.000	112344.000
3.000	112503.000
3.000	112506.000
3.000	112554.000
3.000	112584.000
3.000	112605.000
3.000	112627.000
3.000	112665.000
3.000	112802.000
3.000	112807.000
3.000	112844.000
3.000	112851.000
3.000	112897.000
3.000	112962.000
3.000	112993.000
3.000	113058.000
3.000	113072.000
3.000	113146.000
3.000	113165.000
3.000	113226.000
3.000	113228.000
3.000	113251.000
3.000	113265.000
3.000	113318.000
3.000	113355.000
3.000	113358.000
3.000	113370.000
3.000	113484.000
3.000	113486.000
3.000	113507.000
3.000	113512.000
3.000	113564.000
3.000	113651.000
3.000	113661.000
3.000	113701.000
3.000	113728.000
3.000	113732.000
3.000	113867.000
3.000	113879.000
3.000	113916.000
3.000	113951.000
3.000	114021.000
3.000	114043.000
3.000	114044.000
3.000	114235.000
3.000	114315.000
3.000	114329.000
3.000	114334.000
3.000	114340.000
3.000	114411.000
3.000	114414.000
3.000	114486.000
3.000	114499.000
3.000	114504.000
3.000	114599.000
3.000	114709.000
3.000	114717.000
3.000	114836.000
3.000	114865.000
3.000	114909.000
3.000	114937.000
3.000	114952.000
3.000	114976.000
3.000	115031.000
3.000	115046.000
3.000	115136.000
3.000	115215.000
3.000	115229.000
3.000	115250.000
3.000	115348.000
3.000	115384.000
3.000	115474.000
3.000	115480.000
3.000	115508.000
3.000	115514.000
3.000	115590.000
3.000	115599.000
3.000	115614.000
3.000	115793.000
3.000	115817.000
3.000	115915.000
3.000	115934.000
3.000	116037.000
3.000	116133.000
3.000	116213.000
3.000	116244.000
3.000	116264.000
3.000	116274.000
3.000	116290.000
3.000	116345.000
3.000	116482.000
3.000	116505.000
3.000	116508.000
3.000	116511.000
3.000	116546.000
3.000	116697.000
3.000	116709.000
3.000	116737.000
3.000	116787.000
3.000	116789.000
3.000	116847.000
3.000	116911.000
3.000	116925.000
3.000	116942.000
3.000	116976.000
3.000	116986.000
3.000	116988.000
3.000	117094.000
3.000	117106.000
3.000	117146.000
3.000	117181.000
3.000	117232.000
3.000	117238.000
3.000	117486.000
3.000	117525.000
3.000	117531.000
3.000	117578.000
3.000	117600.000
3.000	117623.000
3.000	117626.000
3.000	117648.000
3.000	117722.000
3.000	117765.000
3.000	117844.000
3.000	117888.000
3.000	117901.000
3.000	117907.000
3.000	117948.000
3.000	117967.000
3.000	118056.000
3.000	118075.000
3.000	118126.000
3.000	118130.000
3.000	118178.000
3.000	118198.000
3.000	118249.000
3.000	118277.000
3.000	118319.000
3.000	118351.000
3.000	118525.000
3.000	118613.000
3.000	118628.000
3.000	118711.000
3.000	118714.000
3.000	118815.000
3.000	118914.000
3.000	118930.000
3.000	118953.000
3.000	118965.000
3.000	118974.000
3.000	118999.000
3.000	119018.000
3.000	119029.000
3.000	119030.000
3.000	119051.000
3.000	119076.000
3.000	119105.000
3.000	119130.000
3.000	119135.000
3.000	119166.000
3.000	119171.000
3.000	119210.000
3.000	119218.000
3.000	119251.000
3.000	119265.000
3.000	119313.000
3.000	119335.000
3.000	119372.000
3.000	119387.000
3.000	119431.000
3.000	119433.000
3.000	119447.000
3.000	119579.000
3.000	119581.000
3.000	119640.000
3.000	119684.000
3.000	119717.000
3.000	119729.000
3.000	119730.000
3.000	119746.000
3.000	119754.000
3.000	119799.000
3.000	119833.000
3.000	119898.000
3.000	119947.000
3.000	119975.000
3.000	120017.000
3.000	120147.000
3.000	120158.000
3.000	120332.000
3.000	120366.000
3.000	120399.000
3.000	120431.000
3.000	120506.000
3.000	120559.000
3.000	120591.000
3.000	120636.000
3.000	120691.000
3.000	120693.000
3.000	120729.000
3.000	120734.000
3.000	120744.000
3.000	120750.000
3.000	120791.000
3.000	120838.000
3.000	120884.000
3.000	121056.000
3.000	121071.000
3.000	121072.000
3.000	121127.000
3.000	121131.000
3.000	121149.000
3.000	121189.000
3.000	121220.000
3.000	121230.000
3.000	121277.000
3.000	121460.000
3.000	121477.000
3.000	121569.000
3.000	121576.000
3.000	121589.000
3.000	121635.000
3.000	121652.000
3.000	121658.000
3.000	121672.000
3.000	121674.000
3.000	121676.000
3.000	121679.000
3.000	121691.000
3.000	121697.000
3.000	121782.000
3.000	121805.000
3.000	122038.000
3.000	122115.000
3.000	122164.000
3.000	122175.000
3.000	122185.000
3.000	122193.000
3.000	122236.000
3.000	122279.000
3.000	122283.000
3.000	122346.000
3.000	122357.000
3.000	122447.000
3.000	122456.000
3.000	122508.000
3.000	122519.000
3.000	122702.000
3.000	122751.000
3.000	122757.000
3.000	122826.000
3.000	122906.000
3.000	122944.000
3.000	122995.000
3.000	123001.000
3.000	123007.000
3.000	123014.000
3.000	123028.000
3.000	123176.000
3.000	123241.000
3.000	123265.000
3.000	123268.000
3.000	123295.000
3.000	123346.000
3.000	123376.000
3.000	123419.000
3.000	123429.000
3.000	123436.000
3.000	123481.000
3.000	123483.000
3.000	123527.000
3.000	123534.000
3.000	123576.000
3.000	123611.000
3.000	123639.000
3.000	123680.000
3.000	123801.000
3.000	123817.000
3.000	123825.000
3.000	123873.000
3.000	123903.000
3.000	123915.000
3.000	123917.000
3.000	123934.000
3.000	123947.000
3.000	123963.000
3.000	123999.000
3.000	124051.000
3.000	124060.000
3.000	124095.000
3.000	124105.000
3.000	124134.000
3.000	124209.000
3.000	124287.000
3.000	124328.000
3.000	124330.000
3.000	124332.000
3.000	124410.000
3.000	124437.000
3.000	124503.000
3.000	124510.000
3.000	124597.000
3.000	124649.000
3.000	124683.000
3.000	124695.000
3.000	124727.000
3.000	124734.000
3.000	124765.000
3.000	124799.000
3.000	124900.000
3.000	124911.000
3.000	124928.000
3.000	125018.000
3.000	125052.000
3.000	125061.000
3.000	125065.000
3.000	125100.000
3.000	125114.000
3.000	125213.000
3.000	125230.000
3.000	125254.000
3.000	125255.000
3.000	125260.000
3.000	125261.000
3.000	125265.000
3.000	125273.000
3.000	125276.000
3.000	125328.000
3.000	125396.000
3.000	125447.000
3.000	125481.000
3.000	125484.000
3.000	125489.000
3.000	125517.000
3.000	125566.000
3.000	125604.000
3.000	125655.000
3.000	125658.000
3.000	125686.000
3.000	125719.000
3.000	125745.000
3.000	125821.000
3.000	125859.000
3.000	125889.000
3.000	125897.000
3.000	125928.000
3.000	125937.000
3.000	125961.000
3.000	125974.000
3.000	125996.000
3.000	126093.000
3.000	126103.000
3.000	126113.000
3.000	126156.000
3.000	126176.000
3.000	126195.000
3.000	126207.000
3.000	126214.000
3.000	126249.000
3.000	126325.000
3.000	126352.000
3.000	126354.000
3.000	126376.000
3.000	126450.000
3.000	126455.000
3.000	126531.000
3.000	126554.000
3.000	126575.000
3.000	126588.000
3.000	126601.000
3.000	126604.000
3.000	126633.000
3.000	126652.000
3.000	126664.000
3.000	126704.000
3.000	126764.000
3.000	126775.000
3.000	126805.000
3.000	126808.000
3.000	126830.000
3.000	126907.000
3.000	126920.000
3.000	126943.000
3.000	127019.000
3.000	127093.000
3.000	127114.000
3.000	127154.000
3.000	127161.000
3.000	127201.000
3.000	127278.000
3.000	127330.000
3.000	127346.000
3.000	127358.000
3.000	127482.000
3.000	127488.000
3.000	127604.000
3.000	127663.000
3.000	127685.000
3.000	127699.000
3.000	127765.000
3.000	127777.000
3.000	127840.000
3.000	127859.000
3.000	127866.000
3.000	127870.000
3.000	127921.000
3.000	127973.000
3.000	128005.000
3.000	128036.000
3.000	128072.000
3.000	128130.000
3.000	128149.000
3.000	128152.000
3.000	128184.000
3.000	128312.000
3.000	128322.000
3.000	128329.000
3.000	128355.000
3.000	128422.000
3.000	128435.000
3.000	128444.000
3.000	128448.000
3.000	128602.000
3.000	128616.000
3.000	128663.000
3.000	128700.000
3.000	128718.000
3.000	128731.000
3.000	128737.000
3.000	128738.000
3.000	128771.000
3.000	128781.000
3.000	128792.000
3.000	128879.000
3.000	128887.000
3.000	128903.000
3.000	129019.000
3.000	129037.000
3.000	129039.000
3.000	129080.000
3.000	129169.000
3.000	129179.000
3.000	129260.000
3.000	129293.000
3.000	129363.000
3.000	129393.000
3.000	129407.000
3.000	129432.000
3.000	129486.000
3.000	129504.000
3.000	129512.000
3.000	129569.000
3.000	129632.000
3.000	129687.000
3.000	129691.000
3.000	129717.000
3.000	129741.000
3.000	129749.000
3.000	129760.000
3.000	129869.000
3.000	129887.000
3.000	129912.000
3.000	129936.000
3.000	129960.000
3.000	129966.000
3.000	129983.000
3.000	129986.000
3.000	130010.000
3.000	130048.000
3.000	130106.000
3.000	130137.000
3.000	130163.000
3.000	130204.000
3.000	130266.000
3.000	130275.000
3.000	130279.000
3.000	130371.000
3.000	130396.000
3.000	130455.000
3.000	130461.000
3.000	130491.000
3.000	130519.000
3.000	130526.000
3.000	130640.000
3.000	130675.000
3.000	130683.000
3.000	130749.000
3.000	130782.000
3.000	130786.000
3.000	130796.000
3.000	130814.000
3.000	130824.000
3.000	130861.000
3.000	130907.000
3.000	131016.000
3.000	131024.000
3.000	131099.000
3.000	131117.000
3.000	131157.000
3.000	131162.000
3.000	131176.000
3.000	131203.000
3.000	131223.000
3.000	131241.000
3.000	131371.000
3.000	131383.000
3.000	131426.000
3.000	131439.000
3.000	131474.000
3.000	131575.000
3.000	131612.000
3.000	131631.000
3.000	131633.000
3.000	131637.000
3.000	131642.000
3.000	131653.000
3.000	131662.000
3.000	131716.000
3.000	131720.000
3.000	131721.000
3.000	131756.000
3.000	131759.000
3.000	131785.000
3.000	131871.000
3.000	131887.000
3.000	131959.000
3.000	132034.000
3.000	132108.000
3.000	132121.000
3.000	132125.000
3.000	132149.000
3.000	132150.000
3.000	132161.000
3.000	132218.000
3.000	132289.000
3.000	132332.000
3.000	132394.000
3.000	132550.000
3.000	132583.000
3.000	132588.000
3.000	132609.000
3.000	132615.000
3.000	132660.000
3.000	132668.000
3.000	132712.000
3.000	132784.000
3.000	132793.000
3.000	132816.000
3.000	132855.000
3.000	132886.000
3.000	132908.000
3.000	132933.000
3.000	132998.000
3.000	133042.000
3.000	133140.000
3.000	133160.000
3.000	133168.000
3.000	133186.000
3.000	133203.000
3.000	133242.000
3.000	133243.000
3.000	133270.000
3.000	133317.000
3.000	133338.000
3.000	133346.000
3.000	133402.000
3.000	133496.000
3.000	133507.000
3.000	133553.000
3.000	133575.000
3.000	133580.000
3.000	133646.000
3.000	133655.000
3.000	133687.000
3.000	133699.000
3.000	133714.000
3.000	133722.000
3.000	133742.000
3.000	133771.000
3.000	133816.000
3.000	133918.000
3.000	133955.000
3.000	133965.000
3.000	133979.000
3.000	133985.000
3.000	134009.000
3.000	134027.000
3.000	134084.000
3.000	134131.000
3.000	134171.000
3.000	134174.000
3.000	134216.000
3.000	134262.000
3.000	134353.000
3.000	134356.000
3.000	134413.000
3.000	134510.000
3.000	134575.000
3.000	134640.000
3.000	134764.000
3.000	134772.000
3.000	134810.000
3.000	134858.000
3.000	134864.000
3.000	134865.000
3.000	134874.000
3.000	135086.000
3.000	135103.000
3.000	135112.000
3.000	135152.000
3.000	135295.000
3.000	135336.000
3.000	135346.000
3.000	135364.000
3.000	135379.000
3.000	135382.000
3.000	135404.000
3.000	135407.000
3.000	135477.000
3.000	135513.000
3.000	135538.000
3.000	135543.000
3.000	135566.000
3.000	135587.000
3.000	135651.000
3.000	135667.000
3.000	135695.000
3.000	135705.000
3.000	135723.000
3.000	135734.000
3.000	135737.000
3.000	135751.000
3.000	135772.000
3.000	135793.000
3.000	135800.000
3.000	135814.000
3.000	135840.000
3.000	135936.000
3.000	135945.000
3.000	135979.000
3.000	135998.000
3.000	136014.000
3.000	136051.000
3.000	136090.000
3.000	136137.000
3.000	136165.000
3.000	136174.000
3.000	136197.000
3.000	136198.000
3.000	136236.000
3.000	136255.000
3.000	136277.000
3.000	136280.000
3.000	136440.000
3.000	136497.000
3.000	136536.000
3.000	136555.000
3.000	136556.000
3.000	136585.000
3.000	136588.000
3.000	136593.000
3.000	136623.000
3.000	136657.000
3.000	136683.000
3.000	136731.000
3.000	136772.000
3.000	136795.000
3.000	136813.000
3.000	136814.000
3.000	136883.000
3.000	136955.000
3.000	136980.000
3.000	137041.000
3.000	137059.000
3.000	137139.000
3.000	137181.000
3.000	137189.000
3.000	137225.000
3.000	137230.000
3.000	137277.000
3.000	137387.000
3.000	137392.000
3.000	137407.000
3.000	137417.000
3.000	137449.000
3.000	137498.000
3.000	137540.000
3.000	137549.000
3.000	137552.000
3.000	137621.000
3.000	137629.000
3.000	137668.000
3.000	137682.000
3.000	137745.000
3.000	137758.000
3.000	137886.000
3.000	137892.000
3.000	137903.000
3.000	137907.000
3.000	137917.000
3.000	137977.000
3.000	138002.000
3.000	138017.000
3.000	138025.000
3.000	138027.000
3.000	138034.000
3.000	138052.000
3.000	138108.000
3.000	138142.000
3.000	138144.000
3.000	138208.000
3.000	138230.000
3.000	138266.000
3.000	138289.000
3.000	138293.000
3.000	138407.000
3.000	138431.000
3.000	138432.000
3.000	138440.000
3.000	138487.000
3.000	138516.000
3.000	138526.000
3.000	138538.000
3.000	138547.000
3.000	138550.000
3.000	138574.000
3.000	138588.000
3.000	138593.000
3.000	138636.000
3.000	138645.000
3.000	138647.000
3.000	138685.000
3.000	138722.000
3.000	138845.000
3.000	138851.000
3.000	138866.000
3.000	138909.000
3.000	138915.000
3.000	138982.000
3.000	139038.000
3.000	139082.000
3.000	139263.000
3.000	139282.000
3.000	139344.000
3.000	139362.000
3.000	139389.000
3.000	139424.000
3.000	139442.000
3.000	139444.000
3.000	139568.000
3.000	139613.000
3.000	139628.000
3.000	139684.000
3.000	139690.000
3.000	139696.000
3.000	139826.000
3.000	139849.000
3.000	139897.000
3.000	139954.000
3.000	139970.000
3.000	140006.000
3.000	140034.000
3.000	140065.000
3.000	140112.000
3.000	140129.000
3.000	140137.000
3.000	140148.000
3.000	140155.000
3.000	140162.000
3.000	140235.000
3.000	140238.000
3.000	140256.000
3.000	140418.000
3.000	140426.000
3.000	140429.000
3.000	140435.000
3.000	140445.000
3.000	140451.000
3.000	140517.000
3.000	140520.000
3.000	140538.000
3.000	140561.000
3.000	140593.000
3.000	140618.000
3.000	140629.000
3.000	140643.000
3.000	140711.000
3.000	140715.000
3.000	140738.000
3.000	140751.000
3.000	140802.000
3.000	140803.000
3.000	140818.000
3.000	140847.000
3.000	140849.000
3.000	140899.000
3.000	140904.000
3.000	140913.000
3.000	140920.000
3.000	140935.000
3.000	140939.000
3.000	140946.000
3.000	140948.000
3.000	140957.000
3.000	140959.000
3.000	140991.000
3.000	141038.000
3.000	141073.000
3.000	141143.000
3.000	141148.000
3.000	141171.000
3.000	141175.000
3.000	141226.000
3.000	141250.000
3.000	141268.000
3.000	141300.000
3.000	141427.000
3.000	141449.000
3.000	141483.000
3.000	141514.000
3.000	141528.000
3.000	141557.000
3.000	141561.000
3.000	141579.000
3.000	141587.000
3.000	141604.000
3.000	141679.000
3.000	141693.000
3.000	141715.000
3.000	141723.000
3.000	141732.000
3.000	141745.000
3.000	141787.000
3.000	141792.000
3.000	141799.000
3.000	141903.000
3.000	141919.000
3.000	141955.000
3.000	141980.000
3.000	141983.000
3.000	142002.000
3.000	142137.000
3.000	142195.000
3.000	142245.000
3.000	142304.000
3.000	142353.000
3.000	142373.000
3.000	142426.000
3.000	142481.000
3.000	142497.000
3.000	142532.000
3.000	142612.000
3.000	142722.000
3.000	142851.000
3.000	142890.000
3.000	142954.000
3.000	142967.000
3.000	143009.000
3.000	143045.000
3.000	143059.000
3.000	143067.000
3.000	143079.000
3.000	143135.000
3.000	143148.000
3.000	143202.000
3.000	143218.000
3.000	143239.000
3.000	143249.000
3.000	143267.000
3.000	143330.000
3.000	143339.000
3.000	143398.000
3.000	143443.000
3.000	143454.000
3.000	143457.000
3.000	143492.000
3.000	143510.000
3.000	143514.000
3.000	143531.000
3.000	143560.000
3.000	143569.000
3.000	143593.000
3.000	143608.000
3.000	143611.000
3.000	143613.000
3.000	143633.000
3.000	143663.000
3.000	143688.000
3.000	143738.000
3.000	143749.000
3.000	143755.000
3.000	143762.000
3.000	143773.000
3.000	143809.000
3.000	143818.000
3.000	143833.000
3.000	143850.000
3.000	143885.000
3.000	143892.000
3.000	143906.000
3.000	144020.000
3.000	144077.000
3.000	144255.000
3.000	144259.000
3.000	144284.000
3.000	144291.000
3.000	144360.000
3.000	144385.000
3.000	144450.000
3.000	144523.000
3.000	144613.000
3.000	144708.000
3.000	144712.000
3.000	144744.000
3.000	144781.000
3.000	144809.000
3.000	144835.000
3.000	144911.000
3.000	144996.000
3.000	145007.000
3.000	145045.000
3.000	145060.000
3.000	145128.000
3.000	145172.000
3.000	145179.000
3.000	145241.000
3.000	145247.000
3.000	145253.000
3.000	145256.000
3.000	145265.000
3.000	145322.000
3.000	145394.000
3.000	145433.000
3.000	145501.000
3.000	145538.000
3.000	145546.000
3.000	145569.000
3.000	145570.000
3.000	145576.000
3.000	145625.000
3.000	145638.000
3.000	145666.000
3.000	145679.000
3.000	145793.000
3.000	145838.000
3.000	145861.000
3.000	145962.000
3.000	145996.000
3.000	146020.000
3.000	146035.000
3.000	146045.000
3.000	146047.000
3.000	146079.000
3.000	146098.000
3.000	146161.000
3.000	146174.000
3.000	146193.000
3.000	146200.000
3.000	146201.000
3.000	146205.000
3.000	146231.000
3.000	146235.000
3.000	146257.000
3.000	146280.000
3.000	146299.000
3.000	146301.000
3.000	146361.000
3.000	146384.000
3.000	146424.000
3.000	146518.000
3.000	146533.000
3.000	146617.000
3.000	146705.000
3.000	146738.000
3.000	146791.000
3.000	146792.000
3.000	146794.000
3.000	146843.000
3.000	146878.000
3.000	146916.000
3.000	146930.000
3.000	146955.000
3.000	147048.000
3.000	147056.000
3.000	147082.000
3.000	147086.000
3.000	147101.000
3.000	147122.000
3.000	147124.000
3.000	147193.000
3.000	147283.000
3.000	147310.000
3.000	147340.000
3.000	147465.000
3.000	147484.000
3.000	147495.000
3.000	147524.000
3.000	147539.000
3.000	147545.000
3.000	147553.000
3.000	147577.000
3.000	147591.000
3.000	147642.000
3.000	147646.000
3.000	147782.000
3.000	147855.000
3.000	147966.000
3.000	147976.000
3.000	148000.000
3.000	148013.000
3.000	148044.000
3.000	148075.000
3.000	148077.000
3.000	148089.000
3.000	148096.000
3.000	148157.000
3.000	148172.000
3.000	148173.000
3.000	148180.000
3.000	148237.000
3.000	148244.000
3.000	148304.000
3.000	148348.000
3.000	148427.000
3.000	148444.000
3.000	148493.000
3.000	148508.000
3.000	148516.000
3.000	148527.000
3.000	148534.000
3.000	148560.000
3.000	148570.000
3.000	148586.000
3.000	148592.000
3.000	148595.000
3.000	148633.000
3.000	148634.000
3.000	148681.000
3.000	148692.000
3.000	148733.000
3.000	148793.000
3.000	148807.000
3.000	148877.000
3.000	148889.000
3.000	148890.000
3.000	148913.000
3.000	148914.000
3.000	148976.000
3.000	149057.000
3.000	149147.000
3.000	149192.000
3.000	149197.000
3.000	149201.000
3.000	149220.000
3.000	149257.000
3.000	149291.000
3.000	149292.000
3.000	149297.000
3.000	149363.000
3.000	149367.000
3.000	149400.000
3.000	149435.000
3.000	149457.000
3.000	149530.000
3.000	149581.000
3.000	149617.000
3.000	149625.000
3.000	149662.000
3.000	149729.000
3.000	149774.000
3.000	149777.000
3.000	149846.000
3.000	149856.000
3.000	149863.000
3.000	149889.000
3.000	149940.000
3.000	149949.000
3.000	150002.000
3.000	150012.000
3.000	150013.000
3.000	150028.000
3.000	150029.000
3.000	150179.000
3.000	150188.000
3.000	150210.000
3.000	150248.000
3.000	150256.000
3.000	150284.000
3.000	150287.000
3.000	150292.000
3.000	150319.000
3.000	150338.000
3.000	150495.000
3.000	150500.000
3.000	150531.000
3.000	150568.000
3.000	150573.000
3.000	150609.000
3.000	150623.000
3.000	150624.000
3.000	150628.000
3.000	150635.000
3.000	150652.000
3.000	150698.000
3.000	150706.000
3.000	150733.000
3.000	150737.000
3.000	150765.000
3.000	150848.000
3.000	150882.000
3.000	150893.000
3.000	150912.000
3.000	150930.000
3.000	150957.000
3.000	151030.000
3.000	151113.000
3.000	151161.000
3.000	151213.000
3.000	151232.000
3.000	151244.000
3.000	151379.000
3.000	151482.000
3.000	151492.000
3.000	151535.000
3.000	151593.000
3.000	151660.000
3.000	151711.000
3.000	151718.000
3.000	151796.000
3.000	151822.000
3.000	151845.000
3.000	151851.000
3.000	151867.000
3.000	151915.000
3.000	151932.000
3.000	151942.000
3.000	151946.000
3.000	152150.000
3.000	152160.000
3.000	152194.000
3.000	152212.000
3.000	152264.000
3.000	152320.000
3.000	152372.000
3.000	152382.000
3.000	152408.000
3.000	152442.000
3.000	152465.000
3.000	152533.000
3.000	152544.000
3.000	152583.000
3.000	152592.000
3.000	152595.000
3.000	152601.000
3.000	152622.000
3.000	152629.000
3.000	152699.000
3.000	152712.000
3.000	152751.000
3.000	152752.000
3.000	152886.000
3.000	153049.000
3.000	153139.000
3.000	153165.000
3.000	153213.000
3.000	153218.000
3.000	153237.000
3.000	153240.000
3.000	153246.000
3.000	153248.000
3.000	153288.000
3.000	153409.000
3.000	153416.000
3.000	153431.000
3.000	153484.000
3.000	153529.000
3.000	153566.000
3.000	153771.000
3.000	153829.000
3.000	153842.000
3.000	153904.000
3.000	153929.000
3.000	154032.000
3.000	154036.000
3.000	154059.000
3.000	154076.000
3.000	154111.000
3.000	154125.000
3.000	154178.000
3.000	154183.000
3.000	154209.000
3.000	154242.000
3.000	154256.000
3.000	154269.000
3.000	154308.000
3.000	154336.000
3.000	154368.000
3.000	154373.000
3.000	154379.000
3.000	154414.000
3.000	154468.000
3.000	154531.000
3.000	154542.000
3.000	154544.000
3.000	154549.000
3.000	154638.000
3.000	154667.000
3.000	154677.000
3.000	154715.000
3.000	154740.000
3.000	154786.000
3.000	154851.000
3.000	154859.000
3.000	154860.000
3.000	154891.000
3.000	154940.000
3.000	154965.000
3.000	154970.000
3.000	155038.000
3.000	155042.000
3.000	155056.000
3.000	155086.000
3.000	155091.000
3.000	155137.000
3.000	155204.000
3.000	155275.000
3.000	155304.000
3.000	155333.000
3.000	155344.000
3.000	155458.000
3.000	155459.000
3.000	155470.000
3.000	155480.000
3.000	155528.000
3.000	155532.000
3.000	155553.000
3.000	155657.000
3.000	155683.000
3.000	155706.000
3.000	155723.000
3.000	155752.000
3.000	155756.000
3.000	155805.000
3.000	155817.000
3.000	155837.000
3.000	155842.000
3.000	155881.000
3.000	155887.000
3.000	155910.000
3.000	155928.000
3.000	155980.000
3.000	155985.000
3.000	156021.000
3.000	156038.000
3.000	156046.000
3.000	156077.000
3.000	156114.000
3.000	156148.000
3.000	156150.000
3.000	156152.000
3.000	156156.000
3.000	156201.000
3.000	156255.000
3.000	156256.000
3.000	156277.000
3.000	156359.000
3.000	156379.000
3.000	156391.000
3.000	156453.000
3.000	156499.000
3.000	156524.000
3.000	156563.000
3.000	156570.000
3.000	156599.000
3.000	156608.000
3.000	156616.000
3.000	156681.000
3.000	156701.000
3.000	156738.000
3.000	156748.000
3.000	156829.000
3.000	156840.000
3.000	156855.000
3.000	156900.000
3.000	156927.000
3.000	156968.000
3.000	156986.000
3.000	157039.000
3.000	157072.000
3.000	157091.000
3.000	157103.000
3.000	157168.000
3.000	157204.000
3.000	157231.000
3.000	157271.000
3.000	157339.000
3.000	157404.000
3.000	157415.000
3.000	157477.000
3.000	157567.000
3.000	157637.000
3.000	157713.000
3.000	157756.000
3.000	157761.000
3.000	157938.000
3.000	157965.000
3.000	157966.000
3.000	157979.000
3.000	158049.000
3.000	158074.000
3.000	158114.000
3.000	158135.000
3.000	158153.000
3.000	158154.000
3.000	158190.000
3.000	158236.000
3.000	158279.000
3.000	158282.000
3.000	158288.000
3.000	158291.000
3.000	158315.000
3.000	158317.000
3.000	158322.000
3.000	158323.000
3.000	158362.000
3.000	158421.000
3.000	158434.000
3.000	158454.000
3.000	158540.000
3.000	158612.000
3.000	158649.000
3.000	158696.000
3.000	158726.000
3.000	158774.000
3.000	158786.000
3.000	158794.000
3.000	158842.000
3.000	158937.000
3.000	158947.000
3.000	159015.000
3.000	159025.000
3.000	159030.000
3.000	159062.000
3.000	159071.000
3.000	159114.000
3.000	159199.000
3.000	159258.000
3.000	159259.000
3.000	159267.000
3.000	159278.000
3.000	159341.000
3.000	159356.000
3.000	159391.000
3.000	159392.000
3.000	159395.000
3.000	159396.000
3.000	159437.000
3.000	159453.000
3.000	159509.000
3.000	159528.000
3.000	159549.000
3.000	159570.000
3.000	159601.000
3.000	159860.000
3.000	159875.000
3.000	159884.000
3.000	159954.000
3.000	160028.000
3.000	160065.000
3.000	160140.000
3.000	160147.000
3.000	160192.000
3.000	160218.000
3.000	160355.000
3.000	160566.000
3.000	160567.000
3.000	160614.000
3.000	160635.000
3.000	160717.000
3.000	160792.000
3.000	160814.000
3.000	160830.000
3.000	160866.000
3.000	160876.000
3.000	160881.000
3.000	160899.000
3.000	160907.000
3.000	160947.000
3.000	160968.000
3.000	160973.000
3.000	160983.000
3.000	160994.000
3.000	161018.000
3.000	161070.000
3.000	161144.000
3.000	161175.000
3.000	161190.000
3.000	161204.000
3.000	161218.000
3.000	161227.000
3.000	161297.000
3.000	161338.000
3.000	161350.000
3.000	161449.000
3.000	161452.000
3.000	161462.000
3.000	161529.000
3.000	161540.000
3.000	161568.000
3.000	161609.000
3.000	161617.000
3.000	161656.000
3.000	161701.000
3.000	161746.000
3.000	161749.000
3.000	161787.000
3.000	161795.000
3.000	161816.000
3.000	161853.000
3.000	161876.000
3.000	161949.000
3.000	161978.000
3.000	161980.000
3.000	161990.000
3.000	162040.000
3.000	162117.000
3.000	162168.000
3.000	162198.000
3.000	162221.000
3.000	162229.000
3.000	162232.000
3.000	162235.000
3.000	162249.000
3.000	162278.000
3.000	162289.000
3.000	162291.000
3.000	162292.000
3.000	162325.000
3.000	162412.000
3.000	162437.000
3.000	162448.000
3.000	162466.000
3.000	162522.000
3.000	162552.000
3.000	162584.000
3.000	162585.000
3.000	162607.000
3.000	162663.000
3.000	162671.000
3.000	162675.000
3.000	162689.000
3.000	162777.000
3.000	162824.000
3.000	162872.000
3.000	162921.000
3.000	162926.000
3.000	162944.000
3.000	162945.000
3.000	162976.000
3.000	162990.000
3.000	163003.000
3.000	163013.000
3.000	163024.000
3.000	163043.000
3.000	163090.000
3.000	163102.000
3.000	163140.000
3.000	163151.000
3.000	163199.000
3.000	163278.000
3.000	163279.000
3.000	163305.000
3.000	163323.000
3.000	163353.000
3.000	163390.000
3.000	163458.000
3.000	163460.000
3.000	163506.000
3.000	163515.000
3.000	163584.000
3.000	163692.000
3.000	163780.000
3.000	163877.000
3.000	163916.000
3.000	163923.000
3.000	163948.000
3.000	163985.000
3.000	164011.000
3.000	164033.000
3.000	164055.000
3.000	164060.000
3.000	164088.000
3.000	164103.000
3.000	164108.000
3.000	164182.000
3.000	164211.000
3.000	164225.000
3.000	164309.000
3.000	164396.000
3.000	164473.000
3.000	164608.000
3.000	164615.000
3.000	164626.000
3.000	164677.000
3.000	164694.000
3.000	164710.000
3.000	164822.000
3.000	164857.000
3.000	164876.000
3.000	164879.000
3.000	164884.000
3.000	164892.000
3.000	164893.000
3.000	164896.000
3.000	164897.000
3.000	164930.000
3.000	164962.000
3.000	164968.000
3.000	165007.000
3.000	165066.000
3.000	165115.000
3.000	165159.000
3.000	165168.000
3.000	165189.000
3.000	165193.000
3.000	165259.000
3.000	165269.000
3.000	165317.000
3.000	165377.000
3.000	165479.000
3.000	165482.000
3.000	165489.000
3.000	165491.000
3.000	165516.000
3.000	165521.000
3.000	165567.000
3.000	165596.000
3.000	165635.000
3.000	165659.000
3.000	165680.000
3.000	165686.000
3.000	165739.000
3.000	165809.000
3.000	165810.000
3.000	165819.000
3.000	165844.000
3.000	165877.000
3.000	165889.000
3.000	165893.000
3.000	165977.000
3.000	166092.000
3.000	166153.000
3.000	166176.000
3.000	166322.000
3.000	166345.000
3.000	166350.000
3.000	166352.000
3.000	166373.000
3.000	166380.000
3.000	166383.000
3.000	166399.000
3.000	166491.000
3.000	166533.000
3.000	166622.000
3.000	166626.000
3.000	166628.000
3.000	166629.000
3.000	166670.000
3.000	166691.000
3.000	166732.000
3.000	166803.000
3.000	166884.000
3.000	166890.000
3.000	166914.000
3.000	166921.000
3.000	166933.000
3.000	166942.000
3.000	166953.000
3.000	166963.000
3.000	166975.000
3.000	167053.000
3.000	167056.000
3.000	167151.000
3.000	167328.000
3.000	167391.000
3.000	167401.000
3.000	167416.000
3.000	167433.000
3.000	167441.000
3.000	167463.000
3.000	167464.000
3.000	167501.000
3.000	167522.000
3.000	167527.000
3.000	167554.000
3.000	167577.000
3.000	167582.000
3.000	167610.000
3.000	167663.000
3.000	167763.000
3.000	167773.000
3.000	167836.000
3.000	167840.000
3.000	167854.000
3.000	167882.000
3.000	167902.000
0.000	167990.000
